<?xml version="1.0" encoding="utf-8"?>
<COLLADA xmlns="http://www.collada.org/2005/11/COLLADASchema" version="1.4.1">
  <asset><contributor><author>Mixamo</author><authoring_tool>COLLADA Mixamo exporter</authoring_tool><comments></comments></contributor><created>2018-10-06T15:27:28Z</created><modified>2018-10-06T15:27:28Z</modified><revision></revision><title></title><unit meter="0.010000"/><up_axis>Y_UP</up_axis></asset>
  <library_animations>
    <animation id="Hips-anim" name="Hips"><source id="Hips-Matrix-animation-input"><float_array id="Hips-Matrix-animation-input-array" count="27">

0.000000 0.033333 0.066667 0.100000 0.133333 0.166667 0.200000 0.233333 0.266667 0.300000 0.333333 0.366667 0.400000 0.433333 0.466667 0.500000
0.533333 0.566667 0.600000 0.633333 0.666667 0.700000 0.733333 0.766667 0.800000 0.833333 0.866667</float_array><technique_common><accessor source="#Hips-Matrix-animation-input-array" count="27"><param name="TIME" type="float"/></accessor></technique_common></source><source id="Hips-Matrix-animation-output-transform"><float_array id="Hips-Matrix-animation-output-transform-array" count="432">

0.962391 0.017938 -0.271074 0.021146 -0.111216 0.936386 -0.332884 85.716820 0.247859 0.350512 0.903165 0.846383 0.000000 0.000000 0.000000 1.000000
0.952950 -0.018493 -0.302562 -0.181116 -0.070985 0.956769 -0.282053 89.462746 0.294698 0.290260 0.910441 13.396883 0.000000 0.000000 0.000000 1.000000
0.959596 -0.091064 -0.266240 -0.503657 0.018514 0.964566 -0.263192 94.599411 0.280773 0.247628 0.927279 26.458698 0.000000 0.000000 0.000000 1.000000
0.968191 -0.180092 -0.173704 -1.022254 0.129392 0.954561 -0.268459 100.744377 0.214158 0.237444 0.947500 39.278511 0.000000 0.000000 0.000000 1.000000
0.968559 -0.240796 -0.062539 -1.598135 0.215175 0.936986 -0.275241 107.247147 0.124875 0.253130 0.959339 51.297600 0.000000 0.000000 0.000000 1.000000
0.970672 -0.240099 0.012165 -1.903359 0.234306 0.933500 -0.271437 113.457802 0.053815 0.266327 0.962379 62.408627 0.000000 0.000000 0.000000 1.000000
0.977528 -0.208520 0.030959 -1.678859 0.209798 0.947963 -0.239480 118.669006 0.020588 0.240593 0.970408 72.946548 0.000000 0.000000 0.000000 1.000000
0.981453 -0.190318 0.022986 -1.068715 0.191099 0.961811 -0.195963 122.828262 0.015187 0.196721 0.980342 83.279274 0.000000 0.000000 0.000000 1.000000
0.983865 -0.178655 0.009579 -0.371423 0.177577 0.968595 -0.174041 126.207634 0.021815 0.172934 0.984692 93.650848 0.000000 0.000000 0.000000 1.000000
0.986912 -0.161197 0.004471 0.142510 0.159000 0.968094 -0.193680 128.824753 0.026892 0.191856 0.981055 104.340912 0.000000 0.000000 0.000000 1.000000
0.991992 -0.125774 0.011510 0.293452 0.124609 0.959786 -0.251561 130.396835 0.020593 0.250981 0.967773 115.639557 0.000000 0.000000 0.000000 1.000000
0.996920 -0.070929 0.033465 0.086662 0.077864 0.946196 -0.314086 130.707886 -0.009387 0.315724 0.948805 127.625595 0.000000 0.000000 0.000000 1.000000
0.998229 0.002093 0.059449 -0.346821 0.018907 0.936394 -0.350440 129.577225 -0.056402 0.350943 0.934697 140.016006 0.000000 0.000000 0.000000 1.000000
0.993380 0.094261 0.065656 -0.783085 -0.064930 0.932234 -0.355983 127.002373 -0.094762 0.349364 0.932183 152.685822 0.000000 0.000000 0.000000 1.000000
0.979043 0.200186 0.037434 -0.966333 -0.176337 0.925227 -0.335947 123.033073 -0.101887 0.322305 0.941137 165.685623 0.000000 0.000000 0.000000 1.000000
0.951567 0.306309 -0.026371 -0.685074 -0.299870 0.905789 -0.299374 117.746323 -0.067814 0.292782 0.953771 179.180161 0.000000 0.000000 0.000000 1.000000
0.926088 0.368589 -0.080639 -0.070820 -0.376356 0.887241 -0.266759 111.187698 -0.026778 0.277391 0.960384 193.057526 0.000000 0.000000 0.000000 1.000000
0.933708 0.347550 -0.086019 0.312840 -0.357966 0.901403 -0.243583 103.843956 -0.007119 0.258227 0.966058 206.968842 0.000000 0.000000 0.000000 1.000000
0.962351 0.267266 -0.049492 0.272822 -0.271625 0.938900 -0.211393 96.503944 -0.010030 0.216878 0.976147 220.718369 0.000000 0.000000 0.000000 1.000000
0.985424 0.170077 0.003698 -0.055429 -0.167326 0.972950 -0.159278 90.323997 -0.030688 0.156338 0.987227 234.457336 0.000000 0.000000 0.000000 1.000000
0.992735 0.110330 0.048011 -0.287706 -0.104516 0.988393 -0.110253 86.522285 -0.059618 0.104434 0.992743 248.645737 0.000000 0.000000 0.000000 1.000000
0.993454 0.098734 0.057449 -0.200812 -0.091978 0.989636 -0.110272 84.810890 -0.067742 0.104266 0.992240 263.733917 0.000000 0.000000 0.000000 1.000000
0.994349 0.104789 0.017009 -0.080237 -0.100874 0.982556 -0.156231 83.918800 -0.033084 0.153632 0.987574 279.156128 0.000000 0.000000 0.000000 1.000000
0.992012 0.107107 -0.066628 -0.034330 -0.119114 0.969240 -0.215373 83.358582 0.041511 0.221589 0.974256 294.049652 0.000000 0.000000 0.000000 1.000000
0.981469 0.093273 -0.167387 -0.050609 -0.135558 0.955369 -0.262479 83.199753 0.135434 0.280305 0.950309 308.143311 0.000000 0.000000 0.000000 1.000000
0.966543 0.066183 -0.247819 -0.030584 -0.139693 0.946112 -0.292161 83.886749 0.215128 0.317004 0.923703 321.885529 0.000000 0.000000 0.000000 1.000000
0.963036 0.027846 -0.267929 0.010317 -0.117451 0.938523 -0.324621 85.333328 0.242418 0.344090 0.907103 336.337830 0.000000 0.000000 0.000000 1.000000</float_array><technique_common><accessor source="#Hips-Matrix-animation-output-transform-array" count="27" stride="16"><param type="float4x4"/></accessor></technique_common></source><source id="Hips-Interpolations"><Name_array id="Hips-Interpolations-array" count="27">
 LINEAR LINEAR LINEAR LINEAR LINEAR LINEAR LINEAR LINEAR LINEAR LINEAR LINEAR
LINEAR LINEAR LINEAR LINEAR LINEAR LINEAR LINEAR LINEAR LINEAR LINEAR LINEAR LINEAR
LINEAR LINEAR LINEAR LINEAR</Name_array><technique_common><accessor source="#Hips-Interpolations-array" count="27"><param type="name"/></accessor></technique_common></source><sampler id="Hips-Matrix-animation-transform"><input semantic="INPUT" source="#Hips-Matrix-animation-input"/><input semantic="OUTPUT" source="#Hips-Matrix-animation-output-transform"/><input semantic="INTERPOLATION" source="#Hips-Interpolations"/></sampler><channel source="#Hips-Matrix-animation-transform" target="Hips/matrix"/></animation>
    <animation id="Spine-anim" name="Spine"><source id="Spine-Matrix-animation-input"><float_array id="Spine-Matrix-animation-input-array" count="27">

0.000000 0.033333 0.066667 0.100000 0.133333 0.166667 0.200000 0.233333 0.266667 0.300000 0.333333 0.366667 0.400000 0.433333 0.466667 0.500000
0.533333 0.566667 0.600000 0.633333 0.666667 0.700000 0.733333 0.766667 0.800000 0.833333 0.866667</float_array><technique_common><accessor source="#Spine-Matrix-animation-input-array" count="27"><param name="TIME" type="float"/></accessor></technique_common></source><source id="Spine-Matrix-animation-output-transform"><float_array id="Spine-Matrix-animation-output-transform-array" count="432">

0.998892 0.012030 0.045499 0.017300 -0.006852 0.993653 -0.112281 10.574800 -0.046561 0.111844 0.992634 -1.117200 0.000000 0.000000 0.000000 1.000000
0.989725 0.039075 0.137545 0.017300 -0.020125 0.990428 -0.136553 10.574800 -0.141564 0.132382 0.981038 -1.117200 0.000000 0.000000 0.000000 1.000000
0.970131 0.128121 0.205986 0.017300 -0.099139 0.984398 -0.145371 10.574800 -0.221398 0.120607 0.967697 -1.117200 0.000000 0.000000 0.000000 1.000000
0.938026 0.247020 0.243082 0.017300 -0.215563 0.965074 -0.148876 10.574800 -0.271367 0.087250 0.958513 -1.117200 0.000000 0.000000 0.000000 1.000000
0.906674 0.339893 0.249830 0.017300 -0.311669 0.938871 -0.146233 10.574800 -0.284262 0.054721 0.957184 -1.117200 0.000000 0.000000 0.000000 1.000000
0.907133 0.353404 0.228506 0.017300 -0.329451 0.934190 -0.136937 10.574800 -0.261862 0.048938 0.963864 -1.117200 0.000000 0.000000 0.000000 1.000000
0.931780 0.311064 0.187147 0.017300 -0.286111 0.946569 -0.148822 10.574800 -0.223441 0.085124 0.970993 -1.117200 0.000000 0.000000 0.000000 1.000000
0.952037 0.270350 0.143302 0.017300 -0.241130 0.951200 -0.192547 10.574800 -0.188364 0.148757 0.970768 -1.117200 0.000000 0.000000 0.000000 1.000000
0.965312 0.236686 0.110234 0.017300 -0.203924 0.947105 -0.247805 10.574800 -0.163055 0.216730 0.962518 -1.117200 0.000000 0.000000 0.000000 1.000000
0.974293 0.205892 0.091444 0.017300 -0.171474 0.941000 -0.291746 10.574800 -0.146117 0.268566 0.952115 -1.117200 0.000000 0.000000 0.000000 1.000000
0.982107 0.168585 0.083935 0.017300 -0.135225 0.941484 -0.308744 10.574800 -0.131073 0.291869 0.947435 -1.117200 0.000000 0.000000 0.000000 1.000000
0.989081 0.120693 0.084569 0.017300 -0.089946 0.948951 -0.302327 10.574800 -0.116741 0.291420 0.949445 -1.117200 0.000000 0.000000 0.000000 1.000000
0.993165 0.060070 0.100074 0.017300 -0.028527 0.956319 -0.290930 10.574800 -0.113179 0.286087 0.951496 -1.117200 0.000000 0.000000 0.000000 1.000000
0.990292 -0.018164 0.137814 0.017300 0.056400 0.958656 -0.278921 10.574800 -0.127049 0.283986 0.950374 -1.117200 0.000000 0.000000 0.000000 1.000000
0.974830 -0.113988 0.191607 0.017300 0.161985 0.952632 -0.257397 10.574800 -0.153191 0.281956 0.947119 -1.117200 0.000000 0.000000 0.000000 1.000000
0.947132 -0.219082 0.234401 0.017300 0.270512 0.938118 -0.216236 10.574800 -0.172523 0.268213 0.947786 -1.117200 0.000000 0.000000 0.000000 1.000000
0.932733 -0.292354 0.211041 0.017300 0.330448 0.927286 -0.175910 10.574800 -0.144267 0.233815 0.961518 -1.117200 0.000000 0.000000 0.000000 1.000000
0.953052 -0.283032 0.107628 0.017300 0.298344 0.938483 -0.173897 10.574800 -0.051789 0.197843 0.978865 -1.117200 0.000000 0.000000 0.000000 1.000000
0.978652 -0.203798 -0.026574 0.017300 0.195412 0.962750 -0.186889 10.574800 0.063672 0.177707 0.982022 -1.117200 0.000000 0.000000 0.000000 1.000000
0.984642 -0.106121 -0.138629 0.017300 0.078802 0.978714 -0.189498 10.574800 0.155788 0.175664 0.972045 -1.117200 0.000000 0.000000 0.000000 1.000000
0.980916 -0.051875 -0.187382 0.017300 0.017289 0.983205 -0.181686 10.574800 0.193660 0.174979 0.965338 -1.117200 0.000000 0.000000 0.000000 1.000000
0.979009 -0.058053 -0.195372 0.017300 0.028363 0.988055 -0.151467 10.574800 0.201832 0.142746 0.968962 -1.117200 0.000000 0.000000 0.000000 1.000000
0.978356 -0.083363 -0.189393 0.017300 0.063614 0.992106 -0.108067 10.574800 0.196907 0.093680 0.975936 -1.117200 0.000000 0.000000 0.000000 1.000000
0.980358 -0.099952 -0.170024 0.017300 0.087653 0.993062 -0.078386 10.574800 0.176679 0.061943 0.982317 -1.117200 0.000000 0.000000 0.000000 1.000000
0.987429 -0.092776 -0.127971 0.017300 0.083444 0.993575 -0.076460 10.574800 0.134242 0.064820 0.988826 -1.117200 0.000000 0.000000 0.000000 1.000000
0.996601 -0.058509 -0.057988 0.017300 0.052662 0.993823 -0.097688 10.574800 0.063346 0.094302 0.993526 -1.117200 0.000000 0.000000 0.000000 1.000000
0.999693 -0.002795 0.024634 0.017300 0.005455 0.994072 -0.108589 10.574800 -0.024184 0.108690 0.993782 -1.117200 0.000000 0.000000 0.000000 1.000000</float_array><technique_common><accessor source="#Spine-Matrix-animation-output-transform-array" count="27" stride="16"><param type="float4x4"/></accessor></technique_common></source><source id="Spine-Interpolations"><Name_array id="Spine-Interpolations-array" count="27">
 LINEAR LINEAR LINEAR LINEAR LINEAR LINEAR LINEAR LINEAR LINEAR LINEAR LINEAR
LINEAR LINEAR LINEAR LINEAR LINEAR LINEAR LINEAR LINEAR LINEAR LINEAR LINEAR LINEAR
LINEAR LINEAR LINEAR LINEAR</Name_array><technique_common><accessor source="#Spine-Interpolations-array" count="27"><param type="name"/></accessor></technique_common></source><sampler id="Spine-Matrix-animation-transform"><input semantic="INPUT" source="#Spine-Matrix-animation-input"/><input semantic="OUTPUT" source="#Spine-Matrix-animation-output-transform"/><input semantic="INTERPOLATION" source="#Spine-Interpolations"/></sampler><channel source="#Spine-Matrix-animation-transform" target="Spine/matrix"/></animation>
    <animation id="Spine1-anim" name="Spine1"><source id="Spine1-Matrix-animation-input"><float_array id="Spine1-Matrix-animation-input-array" count="27">

0.000000 0.033333 0.066667 0.100000 0.133333 0.166667 0.200000 0.233333 0.266667 0.300000 0.333333 0.366667 0.400000 0.433333 0.466667 0.500000
0.533333 0.566667 0.600000 0.633333 0.666667 0.700000 0.733333 0.766667 0.800000 0.833333 0.866667</float_array><technique_common><accessor source="#Spine1-Matrix-animation-input-array" count="27"><param name="TIME" type="float"/></accessor></technique_common></source><source id="Spine1-Matrix-animation-output-transform"><float_array id="Spine1-Matrix-animation-output-transform-array" count="432">

0.999850 -0.002042 0.017189 0.019000 0.003296 0.997309 -0.073235 12.337300 -0.016993 0.073281 0.997167 -1.303400 0.000000 0.000000 0.000000 1.000000
0.998143 0.011178 0.059886 0.019000 -0.005962 0.996227 -0.086577 12.337300 -0.060628 0.086059 0.994444 -1.303400 0.000000 0.000000 0.000000 1.000000
0.994790 0.037686 0.094729 0.019000 -0.029976 0.996219 -0.081536 12.337300 -0.097444 0.078272 0.992158 -1.303400 0.000000 0.000000 0.000000 1.000000
0.990764 0.072832 0.114374 0.019000 -0.065399 0.995577 -0.067452 12.337300 -0.118781 0.059349 0.991145 -1.303400 0.000000 0.000000 0.000000 1.000000
0.987836 0.105271 0.114450 0.019000 -0.099537 0.993528 -0.054721 12.337300 -0.119470 0.042663 0.991921 -1.303400 0.000000 0.000000 0.000000 1.000000
0.988339 0.119694 0.094127 0.019000 -0.115202 0.991990 -0.051811 12.337300 -0.099575 0.040363 0.994211 -1.303400 0.000000 0.000000 0.000000 1.000000
0.991807 0.111657 0.062059 0.019000 -0.107386 0.991864 -0.068362 12.337300 -0.069187 0.061137 0.995729 -1.303400 0.000000 0.000000 0.000000 1.000000
0.994980 0.094058 0.034172 0.019000 -0.090073 0.990517 -0.103745 12.337300 -0.043606 0.100146 0.994017 -1.303400 0.000000 0.000000 0.000000 1.000000
0.996953 0.075902 0.017996 0.019000 -0.072518 0.986815 -0.144698 12.337300 -0.028741 0.142952 0.989312 -1.303400 0.000000 0.000000 0.000000 1.000000
0.997936 0.062975 0.012602 0.019000 -0.059778 0.982537 -0.176202 12.337300 -0.023478 0.175085 0.984273 -1.303400 0.000000 0.000000 0.000000 1.000000
0.998428 0.054985 0.010904 0.019000 -0.051978 0.980949 -0.187183 12.337300 -0.020988 0.186322 0.982264 -1.303400 0.000000 0.000000 0.000000 1.000000
0.998993 0.044513 0.005656 0.019000 -0.042743 0.982385 -0.181916 12.337300 -0.013654 0.181492 0.983298 -1.303400 0.000000 0.000000 0.000000 1.000000
0.999686 0.024993 -0.001726 0.019000 -0.024912 0.984437 -0.173962 12.337300 -0.002649 0.173950 0.984751 -1.303400 0.000000 0.000000 0.000000 1.000000
0.999970 -0.002634 -0.007345 0.019000 0.001381 0.986177 -0.165691 12.337300 0.007680 0.165676 0.986150 -1.303400 0.000000 0.000000 0.000000 1.000000
0.999380 -0.033891 -0.009589 0.019000 0.032010 0.987531 -0.154133 12.337300 0.014693 0.153730 0.988004 -1.303400 0.000000 0.000000 0.000000 1.000000
0.998033 -0.061774 -0.010685 0.019000 0.059786 0.989140 -0.134268 12.337300 0.018863 0.133365 0.990888 -1.303400 0.000000 0.000000 0.000000 1.000000
0.996782 -0.078206 -0.017615 0.019000 0.075758 0.990814 -0.112016 12.337300 0.026213 0.110321 0.993550 -1.303400 0.000000 0.000000 0.000000 1.000000
0.996519 -0.076151 -0.033918 0.019000 0.072336 0.992127 -0.102237 12.337300 0.041436 0.099428 0.994182 -1.303400 0.000000 0.000000 0.000000 1.000000
0.996759 -0.058548 -0.055167 0.019000 0.052431 0.992933 -0.106465 12.337300 0.061010 0.103228 0.992785 -1.303400 0.000000 0.000000 0.000000 1.000000
0.996534 -0.034909 -0.075505 0.019000 0.025947 0.992843 -0.116571 12.337300 0.079034 0.114207 0.990308 -1.303400 0.000000 0.000000 0.000000 1.000000
0.995968 -0.017382 -0.088011 0.019000 0.006867 0.992942 -0.118400 12.337300 0.089448 0.117318 0.989058 -1.303400 0.000000 0.000000 0.000000 1.000000
0.995736 -0.011952 -0.091471 0.019000 0.002796 0.995026 -0.099579 12.337300 0.092206 0.098899 0.990816 -1.303400 0.000000 0.000000 0.000000 1.000000
0.996072 -0.011644 -0.087779 0.019000 0.005404 0.997463 -0.070986 12.337300 0.088383 0.070233 0.993607 -1.303400 0.000000 0.000000 0.000000 1.000000
0.996983 -0.011699 -0.076734 0.019000 0.007798 0.998671 -0.050940 12.337300 0.077228 0.050188 0.995749 -1.303400 0.000000 0.000000 0.000000 1.000000
0.998331 -0.010265 -0.056826 0.019000 0.007470 0.998762 -0.049187 12.337300 0.057261 0.048681 0.997172 -1.303400 0.000000 0.000000 0.000000 1.000000
0.999607 -0.007857 -0.026910 0.019000 0.006152 0.998004 -0.062858 12.337300 0.027350 0.062668 0.997660 -1.303400 0.000000 0.000000 0.000000 1.000000
0.999961 -0.003310 0.008248 0.019000 0.003890 0.997453 -0.071218 12.337300 -0.007991 0.071247 0.997427 -1.303400 0.000000 0.000000 0.000000 1.000000</float_array><technique_common><accessor source="#Spine1-Matrix-animation-output-transform-array" count="27" stride="16"><param type="float4x4"/></accessor></technique_common></source><source id="Spine1-Interpolations"><Name_array id="Spine1-Interpolations-array" count="27">
 LINEAR LINEAR LINEAR LINEAR LINEAR LINEAR LINEAR LINEAR LINEAR LINEAR LINEAR
LINEAR LINEAR LINEAR LINEAR LINEAR LINEAR LINEAR LINEAR LINEAR LINEAR LINEAR LINEAR
LINEAR LINEAR LINEAR LINEAR</Name_array><technique_common><accessor source="#Spine1-Interpolations-array" count="27"><param type="name"/></accessor></technique_common></source><sampler id="Spine1-Matrix-animation-transform"><input semantic="INPUT" source="#Spine1-Matrix-animation-input"/><input semantic="OUTPUT" source="#Spine1-Matrix-animation-output-transform"/><input semantic="INTERPOLATION" source="#Spine1-Interpolations"/></sampler><channel source="#Spine1-Matrix-animation-transform" target="Spine1/matrix"/></animation>
    <animation id="Spine2-anim" name="Spine2"><source id="Spine2-Matrix-animation-input"><float_array id="Spine2-Matrix-animation-input-array" count="27">

0.000000 0.033333 0.066667 0.100000 0.133333 0.166667 0.200000 0.233333 0.266667 0.300000 0.333333 0.366667 0.400000 0.433333 0.466667 0.500000
0.533333 0.566667 0.600000 0.633333 0.666667 0.700000 0.733333 0.766667 0.800000 0.833333 0.866667</float_array><technique_common><accessor source="#Spine2-Matrix-animation-input-array" count="27"><param name="TIME" type="float"/></accessor></technique_common></source><source id="Spine2-Matrix-animation-output-transform"><float_array id="Spine2-Matrix-animation-output-transform-array" count="432">

0.999894 -0.003272 0.014189 0.021700 0.004308 0.997275 -0.073650 14.099800 -0.013910 0.073703 0.997183 -1.489600 0.000000 0.000000 0.000000 1.000000
0.998291 0.008757 0.057773 0.021700 -0.003770 0.996300 -0.085860 14.099800 -0.058311 0.085496 0.994631 -1.489600 0.000000 0.000000 0.000000 1.000000
0.995063 0.034551 0.093037 0.021700 -0.027068 0.996385 -0.080528 14.099800 -0.095483 0.077612 0.992401 -1.489600 0.000000 0.000000 0.000000 1.000000
0.991187 0.069701 0.112652 0.021700 -0.062385 0.995786 -0.067212 14.099800 -0.116862 0.059592 0.991359 -1.489600 0.000000 0.000000 0.000000 1.000000
0.988325 0.102804 0.112453 0.021700 -0.097026 0.993721 -0.055717 14.099800 -0.117475 0.044155 0.992094 -1.489600 0.000000 0.000000 0.000000 1.000000
0.988711 0.118208 0.092074 0.021700 -0.113644 0.992088 -0.053344 14.099800 -0.097651 0.042278 0.994322 -1.489600 0.000000 0.000000 0.000000 1.000000
0.991956 0.110958 0.060917 0.021700 -0.106699 0.991879 -0.069215 14.099800 -0.068102 0.062158 0.995740 -1.489600 0.000000 0.000000 0.000000 1.000000
0.994966 0.093799 0.035272 0.021700 -0.089702 0.990545 -0.103796 14.099800 -0.044674 0.100109 0.993973 -1.489600 0.000000 0.000000 0.000000 1.000000
0.996883 0.075895 0.021563 0.021700 -0.072014 0.986907 -0.144319 14.099800 -0.032234 0.142316 0.989296 -1.489600 0.000000 0.000000 0.000000 1.000000
0.997854 0.063073 0.017571 0.021700 -0.059015 0.982645 -0.175858 14.099800 -0.028357 0.174444 0.984259 -1.489600 0.000000 0.000000 0.000000 1.000000
0.998369 0.055037 0.015181 0.021700 -0.051236 0.981012 -0.187056 14.099800 -0.025188 0.185973 0.982232 -1.489600 0.000000 0.000000 0.000000 1.000000
0.998977 0.044510 0.007997 0.021700 -0.042315 0.982400 -0.181933 14.099800 -0.015955 0.181409 0.983278 -1.489600 0.000000 0.000000 0.000000 1.000000
0.999686 0.025030 -0.001158 0.021700 -0.024850 0.984435 -0.173981 14.099800 -0.003215 0.173955 0.984748 -1.489600 0.000000 0.000000 0.000000 1.000000
0.999965 -0.002517 -0.007981 0.021700 0.001160 0.986186 -0.165640 14.099800 0.008288 0.165625 0.986154 -1.489600 0.000000 0.000000 0.000000 1.000000
0.999374 -0.033706 -0.010711 0.021700 0.031657 0.987556 -0.154051 14.099800 0.015770 0.153615 0.988005 -1.489600 0.000000 0.000000 0.000000 1.000000
0.998038 -0.061533 -0.011596 0.021700 0.059425 0.989156 -0.134307 14.099800 0.019734 0.133355 0.990872 -1.489600 0.000000 0.000000 0.000000 1.000000
0.996810 -0.077755 -0.018005 0.021700 0.075259 0.990819 -0.112310 14.099800 0.026572 0.110596 0.993510 -1.489600 0.000000 0.000000 0.000000 1.000000
0.996572 -0.075245 -0.034394 0.021700 0.071373 0.992164 -0.102551 14.099800 0.041841 0.099745 0.994133 -1.489600 0.000000 0.000000 0.000000 1.000000
0.996791 -0.056970 -0.056232 0.021700 0.050748 0.993020 -0.106468 14.099800 0.061905 0.103273 0.992725 -1.489600 0.000000 0.000000 0.000000 1.000000
0.996490 -0.032583 -0.077109 0.021700 0.023484 0.992961 -0.116094 14.099800 0.080349 0.113876 0.990241 -1.489600 0.000000 0.000000 0.000000 1.000000
0.995889 -0.014433 -0.089424 0.021700 0.003821 0.993040 -0.117716 14.099800 0.090501 0.116891 0.989013 -1.489600 0.000000 0.000000 0.000000 1.000000
0.995698 -0.008728 -0.092244 0.021700 -0.000455 0.995081 -0.099066 14.099800 0.092655 0.098682 0.990796 -1.489600 0.000000 0.000000 0.000000 1.000000
0.996059 -0.008554 -0.088279 0.021700 0.002300 0.997495 -0.070698 14.099800 0.088663 0.070216 0.993584 -1.489600 0.000000 0.000000 0.000000 1.000000
0.996949 -0.009081 -0.077525 0.021700 0.005143 0.998693 -0.050842 14.099800 0.077885 0.050288 0.995693 -1.489600 0.000000 0.000000 0.000000 1.000000
0.998261 -0.008432 -0.058342 0.021700 0.005557 0.998770 -0.049272 14.099800 0.058686 0.048862 0.997080 -1.489600 0.000000 0.000000 0.000000 1.000000
0.999547 -0.007174 -0.029222 0.021700 0.005315 0.997988 -0.063182 14.099800 0.029616 0.062998 0.997574 -1.489600 0.000000 0.000000 0.000000 1.000000
0.999977 -0.004149 0.005378 0.021700 0.004524 0.997421 -0.071629 14.099800 -0.005067 0.071652 0.997417 -1.489600 0.000000 0.000000 0.000000 1.000000</float_array><technique_common><accessor source="#Spine2-Matrix-animation-output-transform-array" count="27" stride="16"><param type="float4x4"/></accessor></technique_common></source><source id="Spine2-Interpolations"><Name_array id="Spine2-Interpolations-array" count="27">
 LINEAR LINEAR LINEAR LINEAR LINEAR LINEAR LINEAR LINEAR LINEAR LINEAR LINEAR
LINEAR LINEAR LINEAR LINEAR LINEAR LINEAR LINEAR LINEAR LINEAR LINEAR LINEAR LINEAR
LINEAR LINEAR LINEAR LINEAR</Name_array><technique_common><accessor source="#Spine2-Interpolations-array" count="27"><param type="name"/></accessor></technique_common></source><sampler id="Spine2-Matrix-animation-transform"><input semantic="INPUT" source="#Spine2-Matrix-animation-input"/><input semantic="OUTPUT" source="#Spine2-Matrix-animation-output-transform"/><input semantic="INTERPOLATION" source="#Spine2-Interpolations"/></sampler><channel source="#Spine2-Matrix-animation-transform" target="Spine2/matrix"/></animation>
    <animation id="Neck-anim" name="Neck"><source id="Neck-Matrix-animation-input"><float_array id="Neck-Matrix-animation-input-array" count="27">

0.000000 0.033333 0.066667 0.100000 0.133333 0.166667 0.200000 0.233333 0.266667 0.300000 0.333333 0.366667 0.400000 0.433333 0.466667 0.500000
0.533333 0.566667 0.600000 0.633333 0.666667 0.700000 0.733333 0.766667 0.800000 0.833333 0.866667</float_array><technique_common><accessor source="#Neck-Matrix-animation-input-array" count="27"><param name="TIME" type="float"/></accessor></technique_common></source><source id="Neck-Matrix-animation-output-transform"><float_array id="Neck-Matrix-animation-output-transform-array" count="432">

0.999850 -0.017257 0.001326 0.024400 0.016735 0.983455 0.180379 15.862300 -0.004417 -0.180330 0.983596 -1.675800 0.000000 0.000000 0.000000 1.000000
0.999800 -0.000446 -0.019975 0.024400 0.003736 0.986292 0.164967 15.862300 0.019628 -0.165009 0.986097 -1.675800 0.000000 0.000000 0.000000 1.000000
0.998684 0.008231 -0.050628 0.024400 -0.001518 0.991351 0.131226 15.862300 0.051270 -0.130976 0.990059 -1.675800 0.000000 0.000000 0.000000 1.000000
0.996453 0.007812 -0.083793 0.024400 -0.000433 0.996146 0.087713 15.862300 0.084155 -0.087366 0.992615 -1.675800 0.000000 0.000000 0.000000 1.000000
0.993955 0.001615 -0.109776 0.024400 0.003453 0.998937 0.045968 15.862300 0.109733 -0.046069 0.992893 -1.675800 0.000000 0.000000 0.000000 1.000000
0.992660 -0.004397 -0.120860 0.024400 0.006318 0.999860 0.015517 15.862300 0.120775 -0.016167 0.992548 -1.675800 0.000000 0.000000 0.000000 1.000000
0.992971 -0.007072 -0.118144 0.024400 0.007031 0.999975 -0.000767 15.862300 0.118146 -0.000069 0.992996 -1.675800 0.000000 0.000000 0.000000 1.000000
0.993646 -0.006623 -0.112355 0.024400 0.006231 0.999973 -0.003838 15.862300 0.112377 0.003113 0.993661 -1.675800 0.000000 0.000000 0.000000 1.000000
0.994131 -0.005240 -0.108058 0.024400 0.005903 0.999966 0.005817 15.862300 0.108024 -0.006421 0.994128 -1.675800 0.000000 0.000000 0.000000 1.000000
0.994366 -0.005353 -0.105868 0.024400 0.008022 0.999660 0.024806 15.862300 0.105700 -0.025515 0.994071 -1.675800 0.000000 0.000000 0.000000 1.000000
0.994586 -0.008927 -0.103530 0.024400 0.013833 0.998810 0.046770 15.862300 0.102989 -0.047949 0.993526 -1.675800 0.000000 0.000000 0.000000 1.000000
0.994872 -0.015160 -0.099996 0.024400 0.021658 0.997701 0.064223 15.862300 0.098792 -0.066060 0.992913 -1.675800 0.000000 0.000000 0.000000 1.000000
0.995100 -0.020201 -0.096787 0.024400 0.027470 0.996852 0.074370 15.862300 0.094980 -0.076665 0.992523 -1.675800 0.000000 0.000000 0.000000 1.000000
0.995383 -0.021259 -0.093596 0.024400 0.028304 0.996812 0.074596 15.862300 0.091712 -0.076900 0.992812 -1.675800 0.000000 0.000000 0.000000 1.000000
0.995869 -0.017896 -0.089016 0.024400 0.023469 0.997803 0.061961 15.862300 0.087712 -0.063794 0.994101 -1.675800 0.000000 0.000000 0.000000 1.000000
0.996635 -0.012277 -0.081043 0.024400 0.015101 0.999296 0.034329 15.862300 0.080565 -0.035437 0.996119 -1.675800 0.000000 0.000000 0.000000 1.000000
0.997639 -0.010283 -0.067901 0.024400 0.010100 0.999944 -0.003036 15.862300 0.067928 0.002343 0.997687 -1.675800 0.000000 0.000000 0.000000 1.000000
0.998592 -0.015780 -0.050641 0.024400 0.014073 0.999326 -0.033895 15.862300 0.051142 0.033135 0.998142 -1.675800 0.000000 0.000000 0.000000 1.000000
0.999133 -0.025686 -0.032779 0.024400 0.024010 0.998433 -0.050543 15.862300 0.034026 0.049712 0.998184 -1.675800 0.000000 0.000000 0.000000 1.000000
0.999232 -0.034610 -0.018383 0.024400 0.033541 0.997891 -0.055568 15.862300 0.020267 0.054909 0.998286 -1.675800 0.000000 0.000000 0.000000 1.000000
0.999301 -0.036020 -0.010006 0.024400 0.035359 0.997583 -0.059815 15.862300 0.012136 0.059419 0.998159 -1.675800 0.000000 0.000000 0.000000 1.000000
0.999574 -0.028806 -0.004653 0.024400 0.028408 0.997124 -0.070269 15.862300 0.006664 0.070106 0.997517 -1.675800 0.000000 0.000000 0.000000 1.000000
0.999804 -0.019557 0.003226 0.024400 0.019721 0.997837 -0.062705 15.862300 -0.001993 0.062756 0.998027 -1.675800 0.000000 0.000000 0.000000 1.000000
0.999816 -0.013518 0.013610 0.024400 0.013813 0.999665 -0.021867 15.862300 -0.013310 0.022051 0.999668 -1.675800 0.000000 0.000000 0.000000 1.000000
0.999670 -0.013136 0.022055 0.024400 0.012059 0.998763 0.048247 15.862300 -0.022662 -0.047965 0.998592 -1.675800 0.000000 0.000000 0.000000 1.000000
0.999655 -0.015721 0.021030 0.024400 0.012996 0.992204 0.123945 15.862300 -0.022814 -0.123629 0.992066 -1.675800 0.000000 0.000000 0.000000 1.000000
0.999838 -0.017137 0.005590 0.024400 0.015940 0.985361 0.169734 15.862300 -0.008416 -0.169617 0.985474 -1.675800 0.000000 0.000000 0.000000 1.000000</float_array><technique_common><accessor source="#Neck-Matrix-animation-output-transform-array" count="27" stride="16"><param type="float4x4"/></accessor></technique_common></source><source id="Neck-Interpolations"><Name_array id="Neck-Interpolations-array" count="27">
 LINEAR LINEAR LINEAR LINEAR LINEAR LINEAR LINEAR LINEAR LINEAR LINEAR LINEAR
LINEAR LINEAR LINEAR LINEAR LINEAR LINEAR LINEAR LINEAR LINEAR LINEAR LINEAR LINEAR
LINEAR LINEAR LINEAR LINEAR</Name_array><technique_common><accessor source="#Neck-Interpolations-array" count="27"><param type="name"/></accessor></technique_common></source><sampler id="Neck-Matrix-animation-transform"><input semantic="INPUT" source="#Neck-Matrix-animation-input"/><input semantic="OUTPUT" source="#Neck-Matrix-animation-output-transform"/><input semantic="INTERPOLATION" source="#Neck-Interpolations"/></sampler><channel source="#Neck-Matrix-animation-transform" target="Neck/matrix"/></animation>
    <animation id="Head-anim" name="Head"><source id="Head-Matrix-animation-input"><float_array id="Head-Matrix-animation-input-array" count="27">

0.000000 0.033333 0.066667 0.100000 0.133333 0.166667 0.200000 0.233333 0.266667 0.300000 0.333333 0.366667 0.400000 0.433333 0.466667 0.500000
0.533333 0.566667 0.600000 0.633333 0.666667 0.700000 0.733333 0.766667 0.800000 0.833333 0.866667</float_array><technique_common><accessor source="#Head-Matrix-animation-input-array" count="27"><param name="TIME" type="float"/></accessor></technique_common></source><source id="Head-Matrix-animation-output-transform"><float_array id="Head-Matrix-animation-output-transform-array" count="432">

0.984634 -0.008521 0.174425 0.000000 -0.059652 0.922321 0.381792 5.564000 -0.164129 -0.386330 0.907640 0.988100 0.000000 0.000000 0.000000 1.000000
0.999270 0.002105 0.038139 0.000000 -0.015684 0.933045 0.359417 5.564000 -0.034829 -0.359753 0.932397 0.988100 0.000000 0.000000 0.000000 1.000000
0.992359 -0.018191 -0.122035 0.000000 0.050943 0.961237 0.270976 5.564000 0.112375 -0.275122 0.954819 0.988100 0.000000 0.000000 0.000000 1.000000
0.957574 -0.073282 -0.278715 -0.000000 0.116012 0.983327 0.140033 5.564000 0.263806 -0.166426 0.950110 0.988100 0.000000 0.000000 0.000000 1.000000
0.911594 -0.137689 -0.387347 -0.000000 0.155154 0.987791 0.014017 5.564000 0.380688 -0.072877 0.921827 0.988100 0.000000 0.000000 0.000000 1.000000
0.894542 -0.172637 -0.412300 0.000000 0.161414 0.984925 -0.062195 5.564000 0.416822 -0.010914 0.908923 0.988100 0.000000 0.000000 0.000000 1.000000
0.920599 -0.168219 -0.352419 0.000000 0.148038 0.985436 -0.083666 5.564000 0.361361 0.024851 0.932095 0.988100 0.000000 0.000000 0.000000 1.000000
0.952682 -0.134849 -0.272421 0.000000 0.124590 0.990700 -0.054695 5.564000 0.277263 0.018166 0.960622 0.988100 0.000000 0.000000 0.000000 1.000000
0.973609 -0.087486 -0.210787 0.000000 0.095121 0.995117 0.026342 5.564000 0.207454 -0.045697 0.977177 0.988100 0.000000 0.000000 0.000000 1.000000
0.983261 -0.040377 -0.177674 0.000000 0.066777 0.987144 0.145218 5.564000 0.169526 -0.154652 0.973316 0.988100 0.000000 0.000000 0.000000 1.000000
0.987034 -0.002758 -0.160488 0.000000 0.046046 0.962692 0.266654 5.564000 0.153765 -0.270586 0.950336 0.988100 0.000000 0.000000 0.000000 1.000000
0.989025 0.025161 -0.145591 0.000000 0.027888 0.935888 0.351192 5.564000 0.145093 -0.351398 0.924915 0.988100 0.000000 0.000000 0.000000 1.000000
0.989136 0.053296 -0.136999 -0.000000 0.005800 0.917085 0.398649 5.564000 0.146886 -0.395113 0.906813 0.988100 0.000000 0.000000 0.000000 1.000000
0.988078 0.083242 -0.129506 0.000000 -0.022551 0.910398 0.413119 5.564000 0.152291 -0.405273 0.901422 0.988100 0.000000 0.000000 0.000000 1.000000
0.987769 0.112010 -0.108472 -0.000000 -0.060746 0.917145 0.393898 5.564000 0.143605 -0.382491 0.912731 0.988100 0.000000 0.000000 0.000000 1.000000
0.989187 0.136780 -0.052913 0.000000 -0.111500 0.935771 0.334516 5.564000 0.095269 -0.324999 0.940904 0.988100 0.000000 0.000000 0.000000 1.000000
0.987301 0.150000 0.052318 0.000000 -0.158305 0.956516 0.244982 5.564000 -0.013296 -0.250153 0.968115 0.988100 0.000000 0.000000 0.000000 1.000000
0.974839 0.134427 0.177813 0.000000 -0.165982 0.970205 0.176499 5.564000 -0.148789 -0.201572 0.968107 0.988100 0.000000 0.000000 0.000000 1.000000
0.955494 0.088722 0.281353 -0.000000 -0.137320 0.977846 0.157991 5.564000 -0.261102 -0.189595 0.946509 0.988100 0.000000 0.000000 0.000000 1.000000
0.942353 0.031099 0.333171 0.000000 -0.093258 0.980631 0.172240 5.564000 -0.321362 -0.193382 0.927001 0.988100 0.000000 0.000000 0.000000 1.000000
0.942185 0.002401 0.335085 0.000000 -0.059759 0.985148 0.160971 5.564000 -0.329722 -0.171689 0.928335 0.988100 0.000000 0.000000 0.000000 1.000000
0.942782 0.024063 0.332541 -0.000000 -0.055796 0.994713 0.086209 5.564000 -0.328709 -0.099831 0.939140 0.988100 0.000000 0.000000 0.000000 1.000000
0.932459 0.058618 0.356490 0.000000 -0.068230 0.997565 0.014438 5.564000 -0.354775 -0.037786 0.934188 0.988100 0.000000 0.000000 0.000000 1.000000
0.916648 0.077547 0.392100 0.000000 -0.087087 0.996179 0.006573 5.564000 -0.390092 -0.040172 0.919899 0.988100 0.000000 0.000000 0.000000 1.000000
0.911112 0.061681 0.407518 -0.000000 -0.104562 0.990983 0.083782 5.564000 -0.398676 -0.118946 0.909346 0.988100 0.000000 0.000000 0.000000 1.000000
0.933772 0.026727 0.356868 0.000000 -0.112578 0.968519 0.222031 5.564000 -0.339699 -0.247502 0.907385 0.988100 0.000000 0.000000 0.000000 1.000000
0.976816 -0.005445 0.214013 0.000000 -0.071939 0.933197 0.352091 5.564000 -0.201633 -0.359324 0.911170 0.988100 0.000000 0.000000 0.000000 1.000000</float_array><technique_common><accessor source="#Head-Matrix-animation-output-transform-array" count="27" stride="16"><param type="float4x4"/></accessor></technique_common></source><source id="Head-Interpolations"><Name_array id="Head-Interpolations-array" count="27">
 LINEAR LINEAR LINEAR LINEAR LINEAR LINEAR LINEAR LINEAR LINEAR LINEAR LINEAR
LINEAR LINEAR LINEAR LINEAR LINEAR LINEAR LINEAR LINEAR LINEAR LINEAR LINEAR LINEAR
LINEAR LINEAR LINEAR LINEAR</Name_array><technique_common><accessor source="#Head-Interpolations-array" count="27"><param type="name"/></accessor></technique_common></source><sampler id="Head-Matrix-animation-transform"><input semantic="INPUT" source="#Head-Matrix-animation-input"/><input semantic="OUTPUT" source="#Head-Matrix-animation-output-transform"/><input semantic="INTERPOLATION" source="#Head-Interpolations"/></sampler><channel source="#Head-Matrix-animation-transform" target="Head/matrix"/></animation>
    <animation id="LeftShoulder-anim" name="LeftShoulder"><source id="LeftShoulder-Matrix-animation-input"><float_array id="LeftShoulder-Matrix-animation-input-array" count="27">

0.000000 0.033333 0.066667 0.100000 0.133333 0.166667 0.200000 0.233333 0.266667 0.300000 0.333333 0.366667 0.400000 0.433333 0.466667 0.500000
0.533333 0.566667 0.600000 0.633333 0.666667 0.700000 0.733333 0.766667 0.800000 0.833333 0.866667</float_array><technique_common><accessor source="#LeftShoulder-Matrix-animation-input-array" count="27"><param name="TIME" type="float"/></accessor></technique_common></source><source id="LeftShoulder-Matrix-animation-output-transform"><float_array id="LeftShoulder-Matrix-animation-output-transform-array" count="432">

0.989699 0.137854 0.038619 5.935000 -0.137616 0.990447 -0.008758 13.670200 -0.039458 0.003353 0.999216 -1.662600 0.000000 0.000000 0.000000 1.000000
0.987118 0.098070 0.126411 5.935000 -0.096337 0.995153 -0.019761 13.670200 -0.127736 0.007328 0.991781 -1.662600 0.000000 0.000000 0.000000 1.000000
0.981242 0.014212 0.192255 5.935000 -0.007342 0.999310 -0.036396 13.670200 -0.192640 0.034302 0.980670 -1.662600 0.000000 0.000000 0.000000 1.000000
0.972369 -0.070655 0.222499 5.935000 0.084716 0.994925 -0.054288 13.670200 -0.217535 0.071637 0.973420 -1.662600 0.000000 0.000000 0.000000 1.000000
0.965643 -0.126582 0.226960 5.935000 0.147051 0.986235 -0.075603 13.670200 -0.214266 0.106380 0.970965 -1.662600 0.000000 0.000000 0.000000 1.000000
0.960499 -0.148209 0.235533 5.935000 0.174036 0.980354 -0.092828 13.670200 -0.217148 0.130152 0.967423 -1.662600 0.000000 0.000000 0.000000 1.000000
0.951984 -0.166869 0.256673 5.935000 0.197211 0.975528 -0.097229 13.670200 -0.234167 0.143179 0.961595 -1.662600 0.000000 0.000000 0.000000 1.000000
0.947471 -0.195149 0.253407 5.935000 0.224069 0.970362 -0.090502 13.670200 -0.228236 0.142529 0.963117 -1.662600 0.000000 0.000000 0.000000 1.000000
0.955120 -0.206653 0.212228 5.935000 0.228916 0.969635 -0.086059 13.670200 -0.187999 0.130779 0.973424 -1.662600 0.000000 0.000000 0.000000 1.000000
0.972762 -0.182775 0.142577 5.935000 0.196329 0.976624 -0.087528 13.670200 -0.123246 0.113136 0.985906 -1.662600 0.000000 0.000000 0.000000 1.000000
0.989198 -0.127069 0.073086 5.935000 0.133316 0.987149 -0.088113 13.670200 -0.060951 0.096905 0.993426 -1.662600 0.000000 0.000000 0.000000 1.000000
0.996035 -0.085372 0.025013 5.935000 0.087116 0.992996 -0.079807 13.670200 -0.018025 0.081670 0.996496 -1.662600 0.000000 0.000000 0.000000 1.000000
0.997147 -0.074691 -0.010946 5.935000 0.073824 0.995134 -0.065260 13.670200 0.015767 0.064266 0.997808 -1.662600 0.000000 0.000000 0.000000 1.000000
0.996063 -0.078799 -0.040617 5.935000 0.076764 0.995822 -0.049458 13.670200 0.044345 0.046145 0.997950 -1.662600 0.000000 0.000000 0.000000 1.000000
0.994916 -0.080340 -0.060720 5.935000 0.078353 0.996331 -0.034428 13.670200 0.063264 0.029496 0.997561 -1.662600 0.000000 0.000000 0.000000 1.000000
0.995716 -0.070739 -0.059550 5.935000 0.069628 0.997362 -0.020533 13.670200 0.060845 0.016299 0.998014 -1.662600 0.000000 0.000000 0.000000 1.000000
0.997349 -0.068481 -0.024595 5.935000 0.068295 0.997630 -0.008362 13.670200 0.025109 0.006660 0.999663 -1.662600 0.000000 0.000000 0.000000 1.000000
0.995252 -0.095075 0.020838 5.935000 0.095097 0.995468 -0.000068 13.670200 -0.020738 0.002049 0.999783 -1.662600 0.000000 0.000000 0.000000 1.000000
0.990175 -0.135754 0.033544 5.935000 0.135671 0.990743 0.004748 13.670200 -0.033878 -0.000150 0.999426 -1.662600 0.000000 0.000000 0.000000 1.000000
0.986598 -0.163069 -0.005719 5.935000 0.163070 0.986614 -0.000258 13.670200 0.005685 -0.000679 0.999984 -1.662600 0.000000 0.000000 0.000000 1.000000
0.985649 -0.146620 -0.083663 5.935000 0.145908 0.989190 -0.014600 13.670200 0.084899 0.002184 0.996387 -1.662600 0.000000 0.000000 0.000000 1.000000
0.987087 -0.075175 -0.141449 5.935000 0.072900 0.997114 -0.021204 13.670200 0.142635 0.010619 0.989718 -1.662600 0.000000 0.000000 0.000000 1.000000
0.989009 0.018376 -0.146711 5.935000 -0.020981 0.999648 -0.016228 13.670200 0.146361 0.019128 0.989046 -1.662600 0.000000 0.000000 0.000000 1.000000
0.989024 0.095682 -0.112586 5.935000 -0.097638 0.995150 -0.011972 13.670200 0.110895 0.022833 0.993570 -1.662600 0.000000 0.000000 0.000000 1.000000
0.988906 0.135358 -0.061181 5.935000 -0.136318 0.990595 -0.011785 13.670200 0.059011 0.019994 0.998057 -1.662600 0.000000 0.000000 0.000000 1.000000
0.990133 0.139498 -0.013293 5.935000 -0.139645 0.990142 -0.010892 13.670200 0.011643 0.012641 0.999852 -1.662600 0.000000 0.000000 0.000000 1.000000
0.989966 0.138428 0.028372 5.935000 -0.138219 0.990359 -0.009236 13.670200 -0.029377 0.005222 0.999555 -1.662600 0.000000 0.000000 0.000000 1.000000</float_array><technique_common><accessor source="#LeftShoulder-Matrix-animation-output-transform-array" count="27" stride="16"><param type="float4x4"/></accessor></technique_common></source><source id="LeftShoulder-Interpolations"><Name_array id="LeftShoulder-Interpolations-array" count="27">
 LINEAR LINEAR LINEAR LINEAR LINEAR LINEAR LINEAR LINEAR LINEAR LINEAR LINEAR
LINEAR LINEAR LINEAR LINEAR LINEAR LINEAR LINEAR LINEAR LINEAR LINEAR LINEAR LINEAR
