<?xml version="1.0" encoding="utf-8"?>
<COLLADA xmlns="http://www.collada.org/2005/11/COLLADASchema" version="1.4.1">
  <asset><contributor><author>Mixamo</author><authoring_tool>COLLADA Mixamo exporter</authoring_tool><comments></comments></contributor><created>2018-10-06T11:20:21Z</created><modified>2018-10-06T11:20:21Z</modified><revision></revision><title></title><unit meter="0.010000"/><up_axis>Y_UP</up_axis></asset>
  <library_animations>
    <animation id="Hips-anim" name="Hips"><source id="Hips-Matrix-animation-input"><float_array id="Hips-Matrix-animation-input-array" count="16">

0.000000 0.033333 0.066667 0.100000 0.133333 0.166667 0.200000 0.233333 0.266667 0.300000 0.333333 0.366667 0.400000 0.433333 0.466667 0.500000</float_array><technique_common><accessor source="#Hips-Matrix-animation-input-array" count="16"><param name="TIME" type="float"/></accessor></technique_common></source><source id="Hips-Matrix-animation-output-transform"><float_array id="Hips-Matrix-animation-output-transform-array" count="256">

0.991336 0.042465 -0.124297 0.421395 -0.053047 0.995128 -0.083103 85.838539 0.120163 0.088976 0.988759 0.395346 0.000000 0.000000 0.000000 1.000000
0.993093 0.011155 -0.116794 0.185851 -0.022898 0.994755 -0.099693 87.534081 0.115070 0.101678 0.988140 24.218351 0.000000 0.000000 0.000000 1.000000
0.994860 0.011374 -0.100619 -0.243803 -0.023062 0.993008 -0.115773 89.475868 0.098598 0.117499 0.988166 45.949100 0.000000 0.000000 0.000000 1.000000
0.998281 0.011324 -0.057512 -0.500948 -0.017465 0.994059 -0.107434 90.314919 0.055954 0.108254 0.992547 66.465836 0.000000 0.000000 0.000000 1.000000
0.999890 -0.011377 0.009507 -0.426931 0.012117 0.996583 -0.081709 89.614258 -0.008545 0.081815 0.996611 86.832893 0.000000 0.000000 0.000000 1.000000
0.996009 -0.049190 0.074474 -0.167617 0.054960 0.995474 -0.077528 88.068848 -0.070324 0.081312 0.994205 107.625084 0.000000 0.000000 0.000000 1.000000
0.990339 -0.089146 0.106213 0.008884 0.099748 0.990067 -0.099086 86.176094 -0.096325 0.108723 0.989394 127.331268 0.000000 0.000000 0.000000 1.000000
0.988130 -0.080845 0.130623 0.123842 0.096890 0.987844 -0.121558 85.352722 -0.119208 0.132772 0.983952 150.425201 0.000000 0.000000 0.000000 1.000000
0.988108 -0.048279 0.145984 0.491120 0.068738 0.987970 -0.138527 86.250771 -0.137540 0.146914 0.979540 174.637054 0.000000 0.000000 0.000000 1.000000
0.988719 -0.018785 0.148600 0.962731 0.040847 0.988316 -0.146842 88.351387 -0.144105 0.151255 0.977934 197.613327 0.000000 0.000000 0.000000 1.000000
0.990868 -0.008808 0.134546 1.008173 0.028451 0.989055 -0.144781 90.131744 -0.131798 0.147287 0.980273 218.328674 0.000000 0.000000 0.000000 1.000000
0.993853 -0.011081 0.110154 0.978963 0.023841 0.993056 -0.115203 90.298790 -0.108113 0.117121 0.987215 239.248108 0.000000 0.000000 0.000000 1.000000
0.998463 -0.013122 0.053854 0.843588 0.018373 0.994998 -0.098194 89.251854 -0.052296 0.099033 0.993709 260.246063 0.000000 0.000000 0.000000 1.000000
0.999605 0.007859 -0.026987 0.668050 -0.010331 0.995639 -0.092711 87.671951 0.026140 0.092954 0.995327 281.028992 0.000000 0.000000 0.000000 1.000000
0.994255 0.039065 -0.099650 0.516517 -0.047882 0.994997 -0.087680 86.338448 0.095726 0.091948 0.991152 302.385864 0.000000 0.000000 0.000000 1.000000
0.991338 0.042359 -0.124320 0.425775 -0.052942 0.995134 -0.083102 85.843086 0.120195 0.088964 0.988756 325.737885 0.000000 0.000000 0.000000 1.000000</float_array><technique_common><accessor source="#Hips-Matrix-animation-output-transform-array" count="16" stride="16"><param type="float4x4"/></accessor></technique_common></source><source id="Hips-Interpolations"><Name_array id="Hips-Interpolations-array" count="16">
 LINEAR LINEAR LINEAR LINEAR LINEAR LINEAR LINEAR LINEAR LINEAR LINEAR LINEAR
LINEAR LINEAR LINEAR LINEAR LINEAR</Name_array><technique_common><accessor source="#Hips-Interpolations-array" count="16"><param type="name"/></accessor></technique_common></source><sampler id="Hips-Matrix-animation-transform"><input semantic="INPUT" source="#Hips-Matrix-animation-input"/><input semantic="OUTPUT" source="#Hips-Matrix-animation-output-transform"/><input semantic="INTERPOLATION" source="#Hips-Interpolations"/></sampler><channel source="#Hips-Matrix-animation-transform" target="Hips/matrix"/></animation>
    <animation id="Spine-anim" name="Spine"><source id="Spine-Matrix-animation-input"><float_array id="Spine-Matrix-animation-input-array" count="16">

0.000000 0.033333 0.066667 0.100000 0.133333 0.166667 0.200000 0.233333 0.266667 0.300000 0.333333 0.366667 0.400000 0.433333 0.466667 0.500000</float_array><technique_common><accessor source="#Spine-Matrix-animation-input-array" count="16"><param name="TIME" type="float"/></accessor></technique_common></source><source id="Spine-Matrix-animation-output-transform"><float_array id="Spine-Matrix-animation-output-transform-array" count="256">

0.980185 -0.031844 0.195509 0.017300 0.071155 0.977719 -0.197488 10.574800 -0.184865 0.207486 0.960612 -1.117200 0.000000 0.000000 0.000000 1.000000
0.966111 -0.011160 0.257887 0.017300 0.037536 0.994519 -0.097582 10.574800 -0.255385 0.103955 0.961234 -1.117200 0.000000 0.000000 0.000000 1.000000
0.955841 -0.022109 0.293051 0.017300 0.036321 0.998408 -0.043144 10.574800 -0.291630 0.051883 0.955123 -1.117200 0.000000 0.000000 0.000000 1.000000
0.964867 -0.007138 0.262640 0.017300 0.025886 0.997350 -0.067991 10.574800 -0.261459 0.072401 0.962495 -1.117200 0.000000 0.000000 0.000000 1.000000
0.985494 0.043604 0.164012 0.017300 -0.018747 0.988484 -0.150158 10.574800 -0.168670 0.144905 0.974963 -1.117200 0.000000 0.000000 0.000000 1.000000
0.994463 0.099699 0.033217 0.017300 -0.090298 0.972387 -0.215196 10.574800 -0.053754 0.211005 0.976006 -1.117200 0.000000 0.000000 0.000000 1.000000
0.986417 0.139856 -0.086150 0.017300 -0.156449 0.959734 -0.233310 10.574800 0.050052 0.243619 0.968579 -1.117200 0.000000 0.000000 0.000000 1.000000
0.973553 0.131969 -0.186490 0.017300 -0.162590 0.973672 -0.159771 10.574800 0.160496 0.185867 0.969378 -1.117200 0.000000 0.000000 0.000000 1.000000
0.959931 0.097304 -0.262801 0.017300 -0.118470 0.990769 -0.065894 10.574800 0.253963 0.094388 0.962597 -1.117200 0.000000 0.000000 0.000000 1.000000
0.950123 0.057286 -0.306570 0.017300 -0.062707 0.998001 -0.007855 10.574800 0.305507 0.026687 0.951816 -1.117200 0.000000 0.000000 0.000000 1.000000
0.953641 0.037855 -0.298557 0.017300 -0.040342 0.999184 -0.002170 10.574800 0.298231 0.014114 0.954389 -1.117200 0.000000 0.000000 0.000000 1.000000
0.968885 0.026327 -0.246107 0.017300 -0.038146 0.998330 -0.043381 10.574800 0.244554 0.051419 0.968271 -1.117200 0.000000 0.000000 0.000000 1.000000
0.989695 0.009689 -0.142864 0.017300 -0.027947 0.991591 -0.126358 10.574800 0.140438 0.129048 0.981643 -1.117200 0.000000 0.000000 0.000000 1.000000
0.999788 -0.017283 -0.011223 0.017300 0.014532 0.977450 -0.210665 10.574800 0.014611 0.210458 0.977494 -1.117200 0.000000 0.000000 0.000000 1.000000
0.992750 -0.038998 0.113696 0.017300 0.065701 0.968151 -0.241594 10.574800 -0.100653 0.247312 0.963694 -1.117200 0.000000 0.000000 0.000000 1.000000
0.980188 -0.031734 0.195511 0.017300 0.071050 0.977723 -0.197509 10.574800 -0.184888 0.207487 0.960607 -1.117200 0.000000 0.000000 0.000000 1.000000</float_array><technique_common><accessor source="#Spine-Matrix-animation-output-transform-array" count="16" stride="16"><param type="float4x4"/></accessor></technique_common></source><source id="Spine-Interpolations"><Name_array id="Spine-Interpolations-array" count="16">
 LINEAR LINEAR LINEAR LINEAR LINEAR LINEAR LINEAR LINEAR LINEAR LINEAR LINEAR
LINEAR LINEAR LINEAR LINEAR LINEAR</Name_array><technique_common><accessor source="#Spine-Interpolations-array" count="16"><param type="name"/></accessor></technique_common></source><sampler id="Spine-Matrix-animation-transform"><input semantic="INPUT" source="#Spine-Matrix-animation-input"/><input semantic="OUTPUT" source="#Spine-Matrix-animation-output-transform"/><input semantic="INTERPOLATION" source="#Spine-Interpolations"/></sampler><channel source="#Spine-Matrix-animation-transform" target="Spine/matrix"/></animation>
    <animation id="Spine1-anim" name="Spine1"><source id="Spine1-Matrix-animation-input"><float_array id="Spine1-Matrix-animation-input-array" count="16">

0.000000 0.033333 0.066667 0.100000 0.133333 0.166667 0.200000 0.233333 0.266667 0.300000 0.333333 0.366667 0.400000 0.433333 0.466667 0.500000</float_array><technique_common><accessor source="#Spine1-Matrix-animation-input-array" count="16"><param name="TIME" type="float"/></accessor></technique_common></source><source id="Spine1-Matrix-animation-output-transform"><float_array id="Spine1-Matrix-animation-output-transform-array" count="256">

0.999684 -0.000309 0.025131 0.019000 -0.000522 0.999454 0.033036 12.337300 -0.025128 -0.033039 0.999138 -1.303400 0.000000 0.000000 0.000000 1.000000
0.999345 0.011971 0.034157 0.019000 -0.011747 0.999908 -0.006761 12.337300 -0.034235 0.006356 0.999394 -1.303400 0.000000 0.000000 0.000000 1.000000
0.998978 0.022210 0.039377 0.019000 -0.021273 0.999484 -0.024077 12.337300 -0.039891 0.023214 0.998934 -1.303400 0.000000 0.000000 0.000000 1.000000
0.999239 0.016005 0.035563 0.019000 -0.015379 0.999723 -0.017809 12.337300 -0.035838 0.017249 0.999209 -1.303400 0.000000 0.000000 0.000000 1.000000
0.999723 -0.007827 0.022214 0.019000 0.007637 0.999934 0.008616 12.337300 -0.022280 -0.008443 0.999716 -1.303400 0.000000 0.000000 0.000000 1.000000
0.999350 -0.035790 0.004233 0.019000 0.035552 0.998260 0.047041 12.337300 -0.005909 -0.046860 0.998884 -1.303400 0.000000 0.000000 0.000000 1.000000
0.998482 -0.053804 -0.011812 0.019000 0.054441 0.996546 0.062708 12.337300 0.008397 -0.063256 0.997962 -1.303400 0.000000 0.000000 0.000000 1.000000
0.998041 -0.056384 -0.027124 0.019000 0.057349 0.997698 0.036192 12.337300 0.025021 -0.037677 0.998977 -1.303400 0.000000 0.000000 0.000000 1.000000
0.998015 -0.049801 -0.038550 0.019000 0.049859 0.998756 0.000544 12.337300 0.038475 -0.002465 0.999257 -1.303400 0.000000 0.000000 0.000000 1.000000
0.998103 -0.043361 -0.043697 0.019000 0.042389 0.998838 -0.022928 12.337300 0.044640 0.021032 0.998782 -1.303400 0.000000 0.000000 0.000000 1.000000
0.998080 -0.046291 -0.041150 0.019000 0.044942 0.998440 -0.033118 12.337300 0.042619 0.031205 0.998604 -1.303400 0.000000 0.000000 0.000000 1.000000
0.998339 -0.046750 -0.033678 0.019000 0.045667 0.998436 -0.032248 12.337300 0.035133 0.030657 0.998912 -1.303400 0.000000 0.000000 0.000000 1.000000
0.999238 -0.033349 -0.020285 0.019000 0.033200 0.999419 -0.007668 12.337300 0.020528 0.006989 0.999765 -1.303400 0.000000 0.000000 0.000000 1.000000
0.999870 -0.015781 -0.003204 0.019000 0.015859 0.999533 0.026117 12.337300 0.002790 -0.026165 0.999654 -1.303400 0.000000 0.000000 0.000000 1.000000
0.999905 -0.003540 0.013346 0.019000 0.002920 0.998928 0.046192 12.337300 -0.013495 -0.046149 0.998843 -1.303400 0.000000 0.000000 0.000000 1.000000
0.999684 -0.000309 0.025131 0.019000 -0.000521 0.999454 0.033036 12.337300 -0.025128 -0.033039 0.999138 -1.303400 0.000000 0.000000 0.000000 1.000000</float_array><technique_common><accessor source="#Spine1-Matrix-animation-output-transform-array" count="16" stride="16"><param type="float4x4"/></accessor></technique_common></source><source id="Spine1-Interpolations"><Name_array id="Spine1-Interpolations-array" count="16">
 LINEAR LINEAR LINEAR LINEAR LINEAR LINEAR LINEAR LINEAR LINEAR LINEAR LINEAR
LINEAR LINEAR LINEAR LINEAR LINEAR</Name_array><technique_common><accessor source="#Spine1-Interpolations-array" count="16"><param type="name"/></accessor></technique_common></source><sampler id="Spine1-Matrix-animation-transform"><input semantic="INPUT" source="#Spine1-Matrix-animation-input"/><input semantic="OUTPUT" source="#Spine1-Matrix-animation-output-transform"/><input semantic="INTERPOLATION" source="#Spine1-Interpolations"/></sampler><channel source="#Spine1-Matrix-animation-transform" target="Spine1/matrix"/></animation>
    <animation id="Spine2-anim" name="Spine2"><source id="Spine2-Matrix-animation-input"><float_array id="Spine2-Matrix-animation-input-array" count="16">

0.000000 0.033333 0.066667 0.100000 0.133333 0.166667 0.200000 0.233333 0.266667 0.300000 0.333333 0.366667 0.400000 0.433333 0.466667 0.500000</float_array><technique_common><accessor source="#Spine2-Matrix-animation-input-array" count="16"><param name="TIME" type="float"/></accessor></technique_common></source><source id="Spine2-Matrix-animation-output-transform"><float_array id="Spine2-Matrix-animation-output-transform-array" count="256">

0.999677 0.002900 0.025236 0.021700 -0.003713 0.999475 0.032201 14.099800 -0.025130 -0.032285 0.999163 -1.489600 0.000000 0.000000 0.000000 1.000000
0.999263 0.015420 0.035142 0.021700 -0.015165 0.999857 -0.007518 14.099800 -0.035253 0.006979 0.999354 -1.489600 0.000000 0.000000 0.000000 1.000000
0.998887 0.024411 0.040350 0.021700 -0.023396 0.999403 -0.025430 14.099800 -0.040947 0.024457 0.998862 -1.489600 0.000000 0.000000 0.000000 1.000000
0.999203 0.017021 0.036107 0.021700 -0.016358 0.999693 -0.018600 14.099800 -0.036412 0.017995 0.999175 -1.489600 0.000000 0.000000 0.000000 1.000000
0.999718 -0.007828 0.022418 0.021700 0.007624 0.999929 0.009157 14.099800 -0.022488 -0.008983 0.999707 -1.489600 0.000000 0.000000 0.000000 1.000000
0.999268 -0.038002 0.004503 0.021700 0.037749 0.998177 0.047089 14.099800 -0.006285 -0.046885 0.998881 -1.489600 0.000000 0.000000 0.000000 1.000000
0.998352 -0.056166 -0.011778 0.021700 0.056780 0.996540 0.060693 14.099800 0.008329 -0.061262 0.998087 -1.489600 0.000000 0.000000 0.000000 1.000000
0.998005 -0.057568 -0.025929 0.021700 0.058126 0.998082 0.021312 14.099800 0.024653 -0.022777 0.999437 -1.489600 0.000000 0.000000 0.000000 1.000000
0.998084 -0.050279 -0.036057 0.021700 0.049147 0.998290 -0.031641 14.099800 0.037586 0.029808 0.998849 -1.489600 0.000000 0.000000 0.000000 1.000000
0.998214 -0.043443 -0.041008 0.021700 0.040617 0.996899 -0.067393 14.099800 0.043809 0.065607 0.996883 -1.489600 0.000000 0.000000 0.000000 1.000000
0.998207 -0.044728 -0.039777 0.021700 0.041603 0.996226 -0.076182 14.099800 0.043034 0.074391 0.996300 -1.489600 0.000000 0.000000 0.000000 1.000000
0.998487 -0.044055 -0.032918 0.021700 0.041976 0.997232 -0.061366 14.099800 0.035531 0.059891 0.997572 -1.489600 0.000000 0.000000 0.000000 1.000000
0.999265 -0.032714 -0.020003 0.021700 0.032353 0.999312 -0.018125 14.099800 0.020582 0.017465 0.999636 -1.489600 0.000000 0.000000 0.000000 1.000000
0.999861 -0.016394 -0.003087 0.021700 0.016470 0.999511 0.026573 14.099800 0.002650 -0.026620 0.999642 -1.489600 0.000000 0.000000 0.000000 1.000000
0.999906 -0.002655 0.013468 0.021700 0.002016 0.998881 0.047253 14.099800 -0.013579 -0.047221 0.998792 -1.489600 0.000000 0.000000 0.000000 1.000000
0.999677 0.002900 0.025236 0.021700 -0.003712 0.999475 0.032201 14.099800 -0.025130 -0.032285 0.999163 -1.489600 0.000000 0.000000 0.000000 1.000000</float_array><technique_common><accessor source="#Spine2-Matrix-animation-output-transform-array" count="16" stride="16"><param type="float4x4"/></accessor></technique_common></source><source id="Spine2-Interpolations"><Name_array id="Spine2-Interpolations-array" count="16">
 LINEAR LINEAR LINEAR LINEAR LINEAR LINEAR LINEAR LINEAR LINEAR LINEAR LINEAR
LINEAR LINEAR LINEAR LINEAR LINEAR</Name_array><technique_common><accessor source="#Spine2-Interpolations-array" count="16"><param type="name"/></accessor></technique_common></source><sampler id="Spine2-Matrix-animation-transform"><input semantic="INPUT" source="#Spine2-Matrix-animation-input"/><input semantic="OUTPUT" source="#Spine2-Matrix-animation-output-transform"/><input semantic="INTERPOLATION" source="#Spine2-Interpolations"/></sampler><channel source="#Spine2-Matrix-animation-transform" target="Spine2/matrix"/></animation>
    <animation id="Neck-anim" name="Neck"><source id="Neck-Matrix-animation-input"><float_array id="Neck-Matrix-animation-input-array" count="16">

0.000000 0.033333 0.066667 0.100000 0.133333 0.166667 0.200000 0.233333 0.266667 0.300000 0.333333 0.366667 0.400000 0.433333 0.466667 0.500000</float_array><technique_common><accessor source="#Neck-Matrix-animation-input-array" count="16"><param name="TIME" type="float"/></accessor></technique_common></source><source id="Neck-Matrix-animation-output-transform"><float_array id="Neck-Matrix-animation-output-transform-array" count="256">

0.999292 0.029763 -0.023033 0.024400 -0.031441 0.996588 -0.076313 15.862300 0.020683 0.076983 0.996818 -1.675800 0.000000 0.000000 0.000000 1.000000
0.999086 0.011827 -0.041082 0.024400 -0.015584 0.995601 -0.092388 15.862300 0.039809 0.092944 0.994875 -1.675800 0.000000 0.000000 0.000000 1.000000
0.998627 -0.004362 -0.052204 0.024400 0.000206 0.996846 -0.079357 15.862300 0.052385 0.079237 0.995478 -1.675800 0.000000 0.000000 0.000000 1.000000
0.998589 0.009668 -0.052209 0.024400 -0.012819 0.998095 -0.060349 15.862300 0.051526 0.060933 0.996811 -1.675800 0.000000 0.000000 0.000000 1.000000
0.998148 0.044922 -0.041007 0.024400 -0.047237 0.997236 -0.057343 15.862300 0.038318 0.059174 0.997512 -1.675800 0.000000 0.000000 0.000000 1.000000
0.997950 0.058592 -0.025736 0.024400 -0.060406 0.995236 -0.076528 15.862300 0.021130 0.077926 0.996735 -1.675800 0.000000 0.000000 0.000000 1.000000
0.999246 0.038228 -0.006807 0.024400 -0.038663 0.995762 -0.083449 15.862300 0.003588 0.083649 0.996489 -1.675800 0.000000 0.000000 0.000000 1.000000
0.999648 0.023577 0.012132 0.024400 -0.022716 0.997510 -0.066762 15.862300 -0.013676 0.066463 0.997695 -1.675800 0.000000 0.000000 0.000000 1.000000
0.999314 0.024614 0.027686 0.024400 -0.023275 0.998592 -0.047668 15.862300 -0.028821 0.046991 0.998479 -1.675800 0.000000 0.000000 0.000000 1.000000
0.998645 0.036539 0.037060 0.024400 -0.035261 0.998781 -0.034554 15.862300 -0.038278 0.033200 0.998715 -1.675800 0.000000 0.000000 0.000000 1.000000
0.998388 0.042870 0.037206 0.024400 -0.042213 0.998941 -0.018281 15.862300 -0.037950 0.016681 0.999140 -1.675800 0.000000 0.000000 0.000000 1.000000
0.999121 0.028556 0.030674 0.024400 -0.028725 0.999575 0.005065 15.862300 -0.030516 -0.005941 0.999517 -1.675800 0.000000 0.000000 0.000000 1.000000
0.999515 0.024044 0.019780 0.024400 -0.023972 0.999705 -0.003886 15.862300 -0.019868 0.003410 0.999797 -1.675800 0.000000 0.000000 0.000000 1.000000
0.999678 0.024504 0.006644 0.024400 -0.024322 0.999362 -0.026168 15.862300 -0.007281 0.025998 0.999635 -1.675800 0.000000 0.000000 0.000000 1.000000
0.999627 0.026182 -0.007759 0.024400 -0.026535 0.998413 -0.049680 15.862300 0.006446 0.049867 0.998735 -1.675800 0.000000 0.000000 0.000000 1.000000
0.999292 0.029763 -0.023033 0.024400 -0.031441 0.996588 -0.076313 15.862300 0.020683 0.076983 0.996818 -1.675800 0.000000 0.000000 0.000000 1.000000</float_array><technique_common><accessor source="#Neck-Matrix-animation-output-transform-array" count="16" stride="16"><param type="float4x4"/></accessor></technique_common></source><source id="Neck-Interpolations"><Name_array id="Neck-Interpolations-array" count="16">
 LINEAR LINEAR LINEAR LINEAR LINEAR LINEAR LINEAR LINEAR LINEAR LINEAR LINEAR
LINEAR LINEAR LINEAR LINEAR LINEAR</Name_array><technique_common><accessor source="#Neck-Interpolations-array" count="16"><param type="name"/></accessor></technique_common></source><sampler id="Neck-Matrix-animation-transform"><input semantic="INPUT" source="#Neck-Matrix-animation-input"/><input semantic="OUTPUT" source="#Neck-Matrix-animation-output-transform"/><input semantic="INTERPOLATION" source="#Neck-Interpolations"/></sampler><channel source="#Neck-Matrix-animation-transform" target="Neck/matrix"/></animation>
    <animation id="Head-anim" name="Head"><source id="Head-Matrix-animation-input"><float_array id="Head-Matrix-animation-input-array" count="16">

0.000000 0.033333 0.066667 0.100000 0.133333 0.166667 0.200000 0.233333 0.266667 0.300000 0.333333 0.366667 0.400000 0.433333 0.466667 0.500000</float_array><technique_common><accessor source="#Head-Matrix-animation-input-array" count="16"><param name="TIME" type="float"/></accessor></technique_common></source><source id="Head-Matrix-animation-output-transform"><float_array id="Head-Matrix-animation-output-transform-array" count="256">

0.997253 0.013535 -0.072823 0.000000 0.011310 0.943808 0.330302 5.564000 0.073202 -0.330218 0.941062 0.988100 0.000000 0.000000 0.000000 1.000000
0.987164 0.021805 -0.158213 0.000000 0.026717 0.954131 0.298195 5.564000 0.157458 -0.298595 0.941301 0.988100 0.000000 0.000000 0.000000 1.000000
0.979498 0.025732 -0.199801 0.000000 0.031458 0.960104 0.277868 5.564000 0.198980 -0.278456 0.939611 0.988100 0.000000 0.000000 0.000000 1.000000
0.979630 0.019180 -0.199893 0.000000 0.037764 0.960071 0.277196 5.564000 0.197228 -0.279098 0.939790 0.988100 0.000000 0.000000 0.000000 1.000000
0.985806 0.003956 -0.167842 0.000000 0.047071 0.953113 0.298931 5.564000 0.161155 -0.302589 0.939398 0.988100 0.000000 0.000000 0.000000 1.000000
0.993618 -0.009350 -0.112412 0.000000 0.047092 0.939944 0.338066 5.564000 0.102500 -0.341202 0.934385 0.988100 0.000000 0.000000 0.000000 1.000000
0.999398 -0.013849 -0.031810 -0.000000 0.024309 0.933702 0.357225 5.564000 0.024754 -0.357783 0.933477 0.988100 0.000000 0.000000 0.000000 1.000000
0.998192 -0.012783 0.058730 0.000000 -0.007678 0.941998 0.335531 5.564000 -0.059613 -0.335376 0.940196 0.988100 0.000000 0.000000 0.000000 1.000000
0.991127 -0.011077 0.132456 0.000000 -0.028912 0.954694 0.296182 5.564000 -0.129736 -0.297384 0.945903 0.988100 0.000000 0.000000 0.000000 1.000000
0.985333 -0.010815 0.170297 0.000000 -0.036643 0.961298 0.273064 5.564000 -0.166660 -0.275299 0.946802 0.988100 0.000000 0.000000 0.000000 1.000000
0.986220 -0.003899 0.165396 0.000000 -0.044539 0.956556 0.288125 5.564000 -0.159334 -0.291521 0.943201 0.988100 0.000000 0.000000 0.000000 1.000000
0.990089 0.015737 0.139560 -0.000000 -0.057681 0.951591 0.301908 5.564000 -0.128053 -0.306965 0.943067 0.988100 0.000000 0.000000 0.000000 1.000000
0.994870 0.024940 0.098038 0.000000 -0.053870 0.950905 0.304757 5.564000 -0.085624 -0.308475 0.947371 0.988100 0.000000 0.000000 0.000000 1.000000
0.998407 0.024070 0.051027 -0.000000 -0.038982 0.948128 0.315490 5.564000 -0.040787 -0.316976 0.947556 0.988100 0.000000 0.000000 0.000000 1.000000
0.999810 0.019299 -0.002697 -0.000000 -0.017310 0.943149 0.331920 5.564000 0.008949 -0.331810 0.943304 0.988100 0.000000 0.000000 0.000000 1.000000
0.997253 0.013535 -0.072823 0.000000 0.011310 0.943809 0.330297 5.564000 0.073202 -0.330213 0.941064 0.988100 0.000000 0.000000 0.000000 1.000000</float_array><technique_common><accessor source="#Head-Matrix-animation-output-transform-array" count="16" stride="16"><param type="float4x4"/></accessor></technique_common></source><source id="Head-Interpolations"><Name_array id="Head-Interpolations-array" count="16">
 LINEAR LINEAR LINEAR LINEAR LINEAR LINEAR LINEAR LINEAR LINEAR LINEAR LINEAR
LINEAR LINEAR LINEAR LINEAR LINEAR</Name_array><technique_common><accessor source="#Head-Interpolations-array" count="16"><param type="name"/></accessor></technique_common></source><sampler id="Head-Matrix-animation-transform"><input semantic="INPUT" source="#Head-Matrix-animation-input"/><input semantic="OUTPUT" source="#Head-Matrix-animation-output-transform"/><input semantic="INTERPOLATION" source="#Head-Interpolations"/></sampler><channel source="#Head-Matrix-animation-transform" target="Head/matrix"/></animation>
    <animation id="LeftShoulder-anim" name="LeftShoulder"><source id="LeftShoulder-Matrix-animation-input"><float_array id="LeftShoulder-Matrix-animation-input-array" count="16">

0.000000 0.033333 0.066667 0.100000 0.133333 0.166667 0.200000 0.233333 0.266667 0.300000 0.333333 0.366667 0.400000 0.433333 0.466667 0.500000</float_array><technique_common><accessor source="#LeftShoulder-Matrix-animation-input-array" count="16"><param name="TIME" type="float"/></accessor></technique_common></source><source id="LeftShoulder-Matrix-animation-output-transform"><float_array id="LeftShoulder-Matrix-animation-output-transform-array" count="256">

0.991812 0.001279 -0.127703 5.935000 -0.006690 0.999097 -0.041955 13.670200 0.127534 0.042466 0.990925 -1.662600 0.000000 0.000000 0.000000 1.000000
0.992152 -0.030424 -0.121277 5.935000 0.025848 0.998900 -0.039126 13.670200 0.122334 0.035684 0.991847 -1.662600 0.000000 0.000000 0.000000 1.000000
0.988237 -0.048926 -0.144890 5.935000 0.043366 0.998206 -0.041288 13.670200 0.146650 0.034520 0.988586 -1.662600 0.000000 0.000000 0.000000 1.000000
0.984396 -0.015784 -0.175257 5.935000 0.007447 0.998813 -0.048129 13.670200 0.175808 0.046073 0.983346 -1.662600 0.000000 0.000000 0.000000 1.000000
0.979709 0.057393 -0.192030 5.935000 -0.068844 0.996192 -0.053498 13.670200 0.188228 0.065633 0.979930 -1.662600 0.000000 0.000000 0.000000 1.000000
0.976840 0.110609 -0.183166 5.935000 -0.122686 0.990868 -0.055933 13.670200 0.175307 0.077110 0.981489 -1.662600 0.000000 0.000000 0.000000 1.000000
0.984467 0.097711 -0.145868 5.935000 -0.105575 0.993292 -0.047161 13.670200 0.140282 0.061828 0.988179 -1.662600 0.000000 0.000000 0.000000 1.000000
0.994189 0.040052 -0.099923 5.935000 -0.043838 0.998390 -0.035985 13.670200 0.098321 0.040156 0.994344 -1.662600 0.000000 0.000000 0.000000 1.000000
0.997714 -0.008622 -0.067026 5.935000 0.006845 0.999620 -0.026702 13.670200 0.067231 0.026182 0.997394 -1.662600 0.000000 0.000000 0.000000 1.000000
0.998158 -0.020629 -0.057054 5.935000 0.019204 0.999493 -0.025407 13.670200 0.057549 0.024265 0.998048 -1.662600 0.000000 0.000000 0.000000 1.000000
0.997605 -0.005818 -0.068923 5.935000 0.003802 0.999562 -0.029346 13.670200 0.069063 0.029014 0.997190 -1.662600 0.000000 0.000000 0.000000 1.000000
0.996606 0.010216 -0.081678 5.935000 -0.012997 0.999351 -0.033590 13.670200 0.081282 0.034537 0.996093 -1.662600 0.000000 0.000000 0.000000 1.000000
0.993386 0.031266 -0.110487 5.935000 -0.035872 0.998558 -0.039946 13.670200 0.109078 0.043645 0.993075 -1.662600 0.000000 0.000000 0.000000 1.000000
0.990193 0.041288 -0.133464 5.935000 -0.047556 0.997893 -0.044125 13.670200 0.131361 0.050039 0.990071 -1.662600 0.000000 0.000000 0.000000 1.000000
0.989961 0.030901 -0.137921 5.935000 -0.037418 0.998290 -0.044907 13.670200 0.136297 0.049617 0.989425 -1.662600 0.000000 0.000000 0.000000 1.000000
0.991812 0.001279 -0.127703 5.935000 -0.006690 0.999097 -0.041955 13.670200 0.127534 0.042466 0.990925 -1.662600 0.000000 0.000000 0.000000 1.000000</float_array><technique_common><accessor source="#LeftShoulder-Matrix-animation-output-transform-array" count="16" stride="16"><param type="float4x4"/></accessor></technique_common></source><source id="LeftShoulder-Interpolations"><Name_array id="LeftShoulder-Interpolations-array" count="16">
 LINEAR LINEAR LINEAR LINEAR LINEAR LINEAR LINEAR LINEAR LINEAR LINEAR LINEAR
LINEAR LINEAR LINEAR LINEAR LINEAR</Name_array><technique_common><accessor source="#LeftShoulder-Interpolations-array" count="16"><param type="name"/></accessor></technique_common></source><sampler id="LeftShoulder-Matrix-animation-transform"><input semantic="INPUT" source="#LeftShoulder-Matrix-animation-input"/><input semantic="OUTPUT" source="#LeftShoulder-Matrix-animation-output-transform"/><input semantic="INTERPOLATION" source="#LeftShoulder-Interpolations"/></sampler><channel source="#LeftShoulder-Matrix-animation-transform" target="LeftShoulder/matrix"/></animation>
    <animation id="LeftArm-anim" name="LeftArm"><source id="LeftArm-Matrix-animation-input"><float_array id="LeftArm-Matrix-animation-input-array" count="16">

0.000000 0.033333 0.066667 0.100000 0.133333 0.166667 0.200000 0.233333 0.266667 0.300000 0.333333 0.366667 0.400000 0.433333 0.466667 0.500000</float_array><technique_common><accessor source="#LeftArm-Matrix-animation-input-array" count="16"><param name="TIME" type="float"/></accessor></technique_common></source><source id="LeftArm-Matrix-animation-output-transform"><float_array id="LeftArm-Matrix-animation-output-transform-array" count="256">

0.604055 0.795474 -0.048355 12.499400 -0.517952 0.345754 -0.782419 -1.650000 -0.605676 0.497669 0.620872 0.026500 0.000000 0.000000 0.000000 1.000000
0.645532 0.763605 0.013963 12.499400 -0.341348 0.304825 -0.889136 -1.650000 -0.683205 0.569200 0.457430 0.026500 0.000000 0.000000 0.000000 1.000000
0.586762 0.806872 0.068322 12.499400 -0.337506 0.320385 -0.885123 -1.650000 -0.736071 0.496297 0.460314 0.026500 0.000000 0.000000 0.000000 1.000000
0.525784 0.843008 0.113531 12.499400 -0.448678 0.388247 -0.804955 -1.650000 -0.722662 0.372293 0.582373 0.026500 0.000000 0.000000 0.000000 1.000000
0.507979 0.850486 0.136495 12.499400 -0.611243 0.467568 -0.638562 -1.650000 -0.606909 0.240945 0.757369 0.026500 0.000000 0.000000 0.000000 1.000000
0.578820 0.812621 0.067933 12.499400 -0.736790 0.556863 -0.383464 -1.650000 -0.349440 0.171904 0.921054 0.026500 0.000000 0.000000 0.000000 1.000000
0.636714 0.768029 -0.068757 12.499400 -0.767331 0.639883 0.041861 -1.650000 0.076147 0.026106 0.996755 0.026500 0.000000 0.000000 0.000000 1.000000
0.667009 0.729406 -0.151878 12.499400 -0.599705 0.646575 0.471481 -1.650000 0.442101 -0.223401 0.868699 0.026500 0.000000 0.000000 0.000000 1.000000
0.678090 0.704168 -0.210575 12.499400 -0.412964 0.602031 0.683388 -1.650000 0.607993 -0.376438 0.699027 0.026500 0.000000 0.000000 0.000000 1.000000
0.706629 0.660543 -0.253688 12.499400 -0.348960 0.637215 0.687156 -1.650000 0.615550 -0.397038 0.680778 0.026500 0.000000 0.000000 0.000000 1.000000
0.685631 0.659418 -0.308346 12.499400 -0.466483 0.723183 0.509313 -1.650000 0.558841 -0.205363 0.803445 0.026500 0.000000 0.000000 0.000000 1.000000
0.642041 0.691004 -0.332110 12.499400 -0.673916 0.715203 0.185261 -1.650000 0.365542 0.104869 0.924868 0.026500 0.000000 0.000000 0.000000 1.000000
0.613563 0.739275 -0.277513 12.499400 -0.785242 0.608285 -0.115690 -1.650000 0.083280 0.288898 0.953731 0.026500 0.000000 0.000000 0.000000 1.000000
0.583550 0.794797 -0.166637 12.499400 -0.784634 0.498937 -0.367984 -1.650000 -0.209331 0.345486 0.914778 0.026500 0.000000 0.000000 0.000000 1.000000
0.570044 0.817679 -0.080320 12.499400 -0.691015 0.424254 -0.585241 -1.650000 -0.444463 0.389115 0.806872 0.026500 0.000000 0.000000 0.000000 1.000000
0.604055 0.795474 -0.048355 12.499400 -0.517953 0.345754 -0.782419 -1.650000 -0.605675 0.497669 0.620872 0.026500 0.000000 0.000000 0.000000 1.000000</float_array><technique_common><accessor source="#LeftArm-Matrix-animation-output-transform-array" count="16" stride="16"><param type="float4x4"/></accessor></technique_common></source><source id="LeftArm-Interpolations"><Name_array id="LeftArm-Interpolations-array" count="16">
 LINEAR LINEAR LINEAR LINEAR LINEAR LINEAR LINEAR LINEAR LINEAR LINEAR LINEAR
LINEAR LINEAR LINEAR LINEAR LINEAR</Name_array><technique_common><accessor source="#LeftArm-Interpolations-array" count="16"><param type="name"/></accessor></technique_common></source><sampler id="LeftArm-Matrix-animation-transform"><input semantic="INPUT" source="#LeftArm-Matrix-animation-input"/><input semantic="OUTPUT" source="#LeftArm-Matrix-animation-output-transform"/><input semantic="INTERPOLATION" source="#LeftArm-Interpolations"/></sampler><channel source="#LeftArm-Matrix-animation-transform" target="LeftArm/matrix"/></animation>
    <animation id="LeftForeArm-anim" name="LeftForeArm"><source id="LeftForeArm-Matrix-animation-input"><float_array id="LeftForeArm-Matrix-animation-input-array" count="16">

0.000000 0.033333 0.066667 0.100000 0.133333 0.166667 0.200000 0.233333 0.266667 0.300000 0.333333 0.366667 0.400000 0.433333 0.466667 0.500000</float_array><technique_common><accessor source="#LeftForeArm-Matrix-animation-input-array" count="16"><param name="TIME" type="float"/></accessor></technique_common></source><source id="LeftForeArm-Matrix-animation-output-transform"><float_array id="LeftForeArm-Matrix-animation-output-transform-array" count="256">

0.525176 0.128071 -0.841301 25.557899 0.077876 0.977230 0.197377 -0.397400 0.847423 -0.169175 0.503244 -0.827100 0.000000 0.000000 0.000000 1.000000
0.378290 0.155339 -0.912560 25.557899 0.114759 0.970345 0.212747 -0.397400 0.918546 -0.185205 0.349245 -0.827100 0.000000 0.000000 0.000000 1.000000
0.362502 0.159439 -0.918244 25.557899 0.113042 0.970462 0.213133 -0.397400 0.925102 -0.181061 0.333771 -0.827100 0.000000 0.000000 0.000000 1.000000
0.354971 0.161873 -0.920757 25.557899 0.108852 0.971040 0.212678 -0.397400 0.928519 -0.175720 0.327071 -0.827100 0.000000 0.000000 0.000000 1.000000
0.257701 0.176962 -0.949881 25.557899 0.152834 0.963244 0.220915 -0.397400 0.954061 -0.202104 0.221183 -0.827100 0.000000 0.000000 0.000000 1.000000
0.063576 0.215603 -0.974409 25.557899 0.181858 0.957534 0.223735 -0.397400 0.981267 -0.191428 0.021667 -0.827100 0.000000 0.000000 0.000000 1.000000
-0.038049 0.234917 -0.971270 25.557899 0.205084 0.953120 0.222493 -0.397400 0.978004 -0.190727 -0.084443 -0.827100 0.000000 0.000000 0.000000 1.000000
0.008920 0.225992 -0.974088 25.557899 0.197419 0.954556 0.223268 -0.397400 0.980279 -0.194295 -0.036101 -0.827100 0.000000 0.000000 0.000000 1.000000
0.005310 0.226820 -0.973922 25.557899 0.201472 0.953721 0.223214 -0.397400 0.979480 -0.197403 -0.040633 -0.827100 0.000000 0.000000 0.000000 1.000000
-0.098817 0.245939 -0.964235 25.557899 0.216345 0.951110 0.220420 -0.397400 0.971303 -0.186826 -0.147194 -0.827100 0.000000 0.000000 0.000000 1.000000
-0.146317 0.254930 -0.955825 25.557899 0.228583 0.948788 0.218062 -0.397400 0.962466 -0.186580 -0.197096 -0.827100 0.000000 0.000000 0.000000 1.000000
-0.070654 0.241083 -0.967929 25.557899 0.200338 0.954012 0.222993 -0.397400 0.977176 -0.178158 -0.115703 -0.827100 0.000000 0.000000 0.000000 1.000000
0.150302 0.196075 -0.969002 25.557899 0.205453 0.952543 0.224612 -0.397400 0.967057 -0.232844 0.102885 -0.827100 0.000000 0.000000 0.000000 1.000000
0.392828 0.155676 -0.906339 25.557899 0.093450 0.973708 0.207750 -0.397400 0.914851 -0.166307 0.367952 -0.827100 0.000000 0.000000 0.000000 1.000000
0.537359 0.127154 -0.833713 25.557899 0.070321 0.978370 0.194542 -0.397400 0.840417 -0.163166 0.516794 -0.827100 0.000000 0.000000 0.000000 1.000000
0.525219 0.128063 -0.841276 25.557899 0.077867 0.977231 0.197372 -0.397400 0.847397 -0.169171 0.503288 -0.827100 0.000000 0.000000 0.000000 1.000000</float_array><technique_common><accessor source="#LeftForeArm-Matrix-animation-output-transform-array" count="16" stride="16"><param type="float4x4"/></accessor></technique_common></source><source id="LeftForeArm-Interpolations"><Name_array id="LeftForeArm-Interpolations-array" count="16">
 LINEAR LINEAR LINEAR LINEAR LINEAR LINEAR LINEAR LINEAR LINEAR LINEAR LINEAR
LINEAR LINEAR LINEAR LINEAR LINEAR</Name_array><technique_common><accessor source="#LeftForeArm-Interpolations-array" count="16"><param type="name"/></accessor></technique_common></source><sampler id="LeftForeArm-Matrix-animation-transform"><input semantic="INPUT" source="#LeftForeArm-Matrix-animation-input"/><input semantic="OUTPUT" source="#LeftForeArm-Matrix-animation-output-transform"/><input semantic="INTERPOLATION" source="#LeftForeArm-Interpolations"/></sampler><channel source="#LeftForeArm-Matrix-animation-transform" target="LeftForeArm/matrix"/></animation>
    <animation id="LeftHand-anim" name="LeftHand"><source id="LeftHand-Matrix-animation-input"><float_array id="LeftHand-Matrix-animation-input-array" count="16">

0.000000 0.033333 0.066667 0.100000 0.133333 0.166667 0.200000 0.233333 0.266667 0.300000 0.333333 0.366667 0.400000 0.433333 0.466667 0.500000</float_array><technique_common><accessor source="#LeftHand-Matrix-animation-input-array" count="16"><param name="TIME" type="float"/></accessor></technique_common></source><source id="LeftHand-Matrix-animation-output-transform"><float_array id="LeftHand-Matrix-animation-output-transform-array" count="256">

0.987715 0.005185 -0.156179 21.589899 0.039055 0.959541 0.278847 0.397100 0.151306 -0.281521 0.947551 0.652000 0.000000 0.000000 0.000000 1.000000
0.999834 0.005632 0.017348 21.589899 -0.010830 0.948623 0.316222 0.397100 -0.014676 -0.316358 0.948526 0.652000 0.000000 0.000000 0.000000 1.000000
0.996570 -0.072467 0.039963 21.589899 0.052503 0.926926 0.371553 0.397100 -0.063968 -0.368180 0.927551 0.652000 0.000000 0.000000 0.000000 1.000000
0.985664 -0.165565 -0.032470 21.589899 0.164176 0.896839 0.410763 0.397100 -0.038888 -0.410205 0.911164 0.652000 0.000000 0.000000 0.000000 1.000000
0.973049 -0.218686 -0.073158 21.589899 0.229811 0.893432 0.385962 0.397100 -0.019043 -0.392373 0.919609 0.652000 0.000000 0.000000 0.000000 1.000000
0.981936 -0.189062 0.007567 21.589899 0.179639 0.944066 0.276531 0.397100 -0.059425 -0.270176 0.960975 0.652000 0.000000 0.000000 0.000000 1.000000
0.990056 -0.099262 -0.099681 21.589899 0.111026 0.986498 0.120390 0.397100 0.086385 -0.130261 0.987709 0.652000 0.000000 0.000000 0.000000 1.000000
0.976662 -0.065061 -0.204692 21.589899 0.091581 0.988188 0.122873 0.397100 0.194280 -0.138751 0.971084 0.652000 0.000000 0.000000 0.000000 1.000000
0.984339 -0.083394 -0.155313 21.589899 0.113632 0.973728 0.197336 0.397100 0.134776 -0.211894 0.967955 0.652000 0.000000 0.000000 0.000000 1.000000
0.988966 -0.147089 -0.017640 21.589899 0.146741 0.956293 0.252923 0.397100 -0.020333 -0.252721 0.967326 0.652000 0.000000 0.000000 0.000000 1.000000
0.986868 -0.161513 -0.002408 21.589899 0.158193 0.963351 0.216634 0.397100 -0.032669 -0.214170 0.976250 0.652000 0.000000 0.000000 0.000000 1.000000
0.984974 -0.102287 -0.139151 21.589899 0.123597 0.980263 0.154301 0.397100 0.120621 -0.169181 0.978176 0.652000 0.000000 0.000000 0.000000 1.000000
0.961855 -0.020015 -0.272826 21.589899 0.078827 0.975297 0.206356 0.397100 0.261956 -0.219991 0.939672 0.652000 0.000000 0.000000 0.000000 1.000000
0.955445 0.025992 -0.294023 21.589899 0.056735 0.961370 0.269348 0.397100 0.289666 -0.274029 0.917062 0.652000 0.000000 0.000000 0.000000 1.000000
0.974397 0.012207 -0.224503 21.589899 0.053498 0.957257 0.284247 0.397100 0.218377 -0.288980 0.932096 0.652000 0.000000 0.000000 0.000000 1.000000
0.987715 0.005186 -0.156180 21.589899 0.039054 0.959541 0.278847 0.397100 0.151307 -0.281521 0.947551 0.652000 0.000000 0.000000 0.000000 1.000000</float_array><technique_common><accessor source="#LeftHand-Matrix-animation-output-transform-array" count="16" stride="16"><param type="float4x4"/></accessor></technique_common></source><source id="LeftHand-Interpolations"><Name_array id="LeftHand-Interpolations-array" count="16">
 LINEAR LINEAR LINEAR LINEAR LINEAR LINEAR LINEAR LINEAR LINEAR LINEAR LINEAR
LINEAR LINEAR LINEAR LINEAR LINEAR</Name_array><technique_common><accessor source="#LeftHand-Interpolations-array" count="16"><param type="name"/></accessor></technique_common></source><sampler id="LeftHand-Matrix-animation-transform"><input semantic="INPUT" source="#LeftHand-Matrix-animation-input"/><input semantic="OUTPUT" source="#LeftHand-Matrix-animation-output-transform"/><input semantic="INTERPOLATION" source="#LeftHand-Interpolations"/></sampler><channel source="#LeftHand-Matrix-animation-transform" target="LeftHand/matrix"/></animation>
    <animation id="LeftHandThumb1-anim" name="LeftHandThumb1"><source id="LeftHandThumb1-Matrix-animation-input"><float_array id="LeftHandThumb1-Matrix-animation-input-array" count="16">

0.000000 0.033333 0.066667 0.100000 0.133333 0.166667 0.200000 0.233333 0.266667 0.300000 0.333333 0.366667 0.400000 0.433333 0.466667 0.500000</float_array><technique_common><accessor source="#LeftHandThumb1-Matrix-animation-input-array" count="16"><param name="TIME" type="float"/></accessor></technique_common></source><source id="LeftHandThumb1-Matrix-animation-output-transform"><float_array id="LeftHandThumb1-Matrix-animation-output-transform-array" count="256">

