<?xml version="1.0" encoding="utf-8"?>
<COLLADA xmlns="http://www.collada.org/2005/11/COLLADASchema" version="1.4.1">
  <asset><contributor><author>Mixamo</author><authoring_tool>COLLADA Mixamo exporter</authoring_tool><comments></comments></contributor><created>2018-10-13T10:31:52Z</created><modified>2018-10-13T10:31:52Z</modified><revision></revision><title></title><unit meter="0.010000"/><up_axis>Y_UP</up_axis></asset>
  <library_animations>
    <animation id="Hips-anim" name="Hips"><source id="Hips-Matrix-animation-input"><float_array id="Hips-Matrix-animation-input-array" count="62">

0.000000 0.033333 0.066667 0.100000 0.133333 0.166667 0.200000 0.233333 0.266667 0.300000 0.333333 0.366667 0.400000 0.433333 0.466667 0.500000
0.533333 0.566667 0.600000 0.633333 0.666667 0.700000 0.733333 0.766667 0.800000 0.833333 0.866667 0.900000 0.933333 0.966667 1.000000 1.033333
1.066667 1.100000 1.133333 1.166667 1.200000 1.233333 1.266667 1.300000 1.333333 1.366667 1.400000 1.433333 1.466667 1.500000 1.533333 1.566667
1.600000 1.633333 1.666667 1.700000 1.733333 1.766667 1.800000 1.833333 1.866667 1.900000 1.933333 1.966667 2.000000 2.033333</float_array><technique_common><accessor source="#Hips-Matrix-animation-input-array" count="62"><param name="TIME" type="float"/></accessor></technique_common></source><source id="Hips-Matrix-animation-output-transform"><float_array id="Hips-Matrix-animation-output-transform-array" count="992">

0.377428 0.027462 -0.925632 -0.595555 -0.155861 0.987185 -0.034264 68.347198 0.912829 0.157202 0.376871 -0.934332 0.000000 0.000000 0.000000 1.000000
0.376352 0.025777 -0.926118 -0.557666 -0.154768 0.987316 -0.035414 68.539215 0.913458 0.156661 0.375568 -0.975299 0.000000 0.000000 0.000000 1.000000
0.375686 0.024221 -0.926431 -0.517857 -0.154652 0.987280 -0.036903 68.723068 0.913752 0.157139 0.374652 -1.013721 0.000000 0.000000 0.000000 1.000000
0.377204 0.022598 -0.925855 -0.473997 -0.155727 0.987016 -0.039354 68.892410 0.912944 0.159025 0.375825 -1.045041 0.000000 0.000000 0.000000 1.000000
0.381994 0.020804 -0.923931 -0.414981 -0.157434 0.986598 -0.042875 69.043938 0.910656 0.161836 0.380150 -1.062185 0.000000 0.000000 0.000000 1.000000
0.388850 0.019084 -0.921103 -0.321016 -0.159300 0.986119 -0.046819 69.187096 0.907424 0.164938 0.386493 -1.066032 0.000000 0.000000 0.000000 1.000000
0.396257 0.017871 -0.917966 -0.181794 -0.161421 0.985593 -0.050493 69.349670 0.903838 0.168188 0.393433 -1.068146 0.000000 0.000000 0.000000 1.000000
0.405089 0.017336 -0.914113 0.005540 -0.164152 0.984952 -0.054064 69.558655 0.899420 0.171955 0.401839 -1.079468 0.000000 0.000000 0.000000 1.000000
0.425853 0.016962 -0.904633 0.287603 -0.168249 0.983871 -0.060755 69.823807 0.889012 0.178076 0.421838 -1.109192 0.000000 0.000000 0.000000 1.000000
0.462829 0.016558 -0.886293 0.657170 -0.173342 0.982214 -0.072170 70.149963 0.869334 0.187034 0.457468 -1.183426 0.000000 0.000000 0.000000 1.000000
0.517474 0.009634 -0.855645 1.055058 -0.178110 0.979248 -0.096691 70.568298 0.836957 0.202434 0.508451 -1.312933 0.000000 0.000000 0.000000 1.000000
0.579771 -0.006336 -0.814755 1.389463 -0.182632 0.973515 -0.137530 71.033752 0.794047 0.228536 0.563258 -1.411910 0.000000 0.000000 0.000000 1.000000
0.633927 -0.018230 -0.773178 1.645446 -0.185942 0.966806 -0.175249 71.379044 0.750708 0.254861 0.609494 -1.437252 0.000000 0.000000 0.000000 1.000000
0.674524 -0.019790 -0.737988 1.920406 -0.181792 0.964406 -0.192020 71.524727 0.715520 0.263683 0.646917 -1.226648 0.000000 0.000000 0.000000 1.000000
0.705193 -0.018971 -0.708762 2.179293 -0.167397 0.966927 -0.192435 71.542595 0.688971 0.254349 0.678694 -0.737918 0.000000 0.000000 0.000000 1.000000
0.732530 -0.016694 -0.680530 2.232862 -0.151693 0.970559 -0.187093 71.673203 0.663618 0.240283 0.708432 0.027903 0.000000 0.000000 0.000000 1.000000
0.766821 -0.011999 -0.641749 1.979107 -0.135429 0.974292 -0.180039 72.166580 0.627411 0.224969 0.745482 0.975374 0.000000 0.000000 0.000000 1.000000
0.819084 -0.006656 -0.573635 1.420860 -0.112508 0.978650 -0.172004 73.220352 0.562533 0.205425 0.800848 1.894932 0.000000 0.000000 0.000000 1.000000
0.871613 -0.001470 -0.490192 0.795630 -0.091267 0.982023 -0.165228 74.440811 0.481623 0.188753 0.855811 2.539465 0.000000 0.000000 0.000000 1.000000
0.901429 0.000731 -0.432927 0.398582 -0.079182 0.983409 -0.163211 75.217117 0.425625 0.181403 0.886531 2.855446 0.000000 0.000000 0.000000 1.000000
0.931389 0.001657 -0.364021 -0.045974 -0.065360 0.984500 -0.162749 76.099022 0.358110 0.175375 0.917061 3.189603 0.000000 0.000000 0.000000 1.000000
0.957166 0.001261 -0.289538 -0.477332 -0.050500 0.985390 -0.162652 77.014755 0.285103 0.170306 0.943246 3.542465 0.000000 0.000000 0.000000 1.000000
0.977422 -0.000304 -0.211297 -0.876275 -0.034204 0.986583 -0.159640 77.940552 0.208510 0.163263 0.964297 3.932560 0.000000 0.000000 0.000000 1.000000
0.991781 -0.002314 -0.127927 -1.238570 -0.017010 0.988576 -0.149759 78.910431 0.126812 0.150704 0.980412 4.399644 0.000000 0.000000 0.000000 1.000000
0.991342 -0.016863 0.130215 -1.992662 0.026338 0.997100 -0.071393 81.775436 -0.128633 0.074204 0.988912 6.055185 0.000000 0.000000 0.000000 1.000000
0.972328 -0.041350 0.229933 -1.960756 0.042469 0.999098 0.000084 83.048981 -0.229729 0.009683 0.973207 6.536731 0.000000 0.000000 0.000000 1.000000
0.969447 -0.049775 0.240196 -2.213532 0.046935 0.998744 0.017536 83.752357 -0.240767 -0.005726 0.970566 6.962806 0.000000 0.000000 0.000000 1.000000
0.965419 -0.047556 0.256330 -2.990957 0.043989 0.998839 0.019637 83.391121 -0.256966 -0.007682 0.966390 7.314307 0.000000 0.000000 0.000000 1.000000
0.943504 -0.044481 0.328363 -4.261369 0.042564 0.999009 0.013027 82.621872 -0.328617 0.001686 0.944462 8.348663 0.000000 0.000000 0.000000 1.000000
0.899965 -0.041454 0.433987 -5.410754 0.038336 0.999138 0.015938 81.488152 -0.434274 0.002294 0.900778 9.696864 0.000000 0.000000 0.000000 1.000000
0.870868 -0.032103 0.490468 -6.392558 0.024145 0.999454 0.022547 80.248543 -0.490924 -0.007793 0.871167 10.288111 0.000000 0.000000 0.000000 1.000000
0.870465 -0.015977 0.491972 -7.052764 0.013423 0.999872 0.008722 79.650635 -0.492048 -0.000989 0.870568 10.294635 0.000000 0.000000 0.000000 1.000000
0.876770 -0.011522 0.480773 -7.254588 0.015603 0.999868 -0.004493 79.297989 -0.480658 0.011441 0.876834 9.972353 0.000000 0.000000 0.000000 1.000000
0.903293 -0.006626 0.428974 -7.411619 0.010769 0.999916 -0.007231 79.413177 -0.428890 0.011151 0.903288 9.462422 0.000000 0.000000 0.000000 1.000000
0.943273 0.001763 0.332014 -7.536113 0.002199 0.999931 -0.011556 79.977043 -0.332011 0.011631 0.943204 8.890107 0.000000 0.000000 0.000000 1.000000
0.971496 0.007323 0.236943 -7.344249 -0.002139 0.999753 -0.022128 80.456223 -0.237046 0.020990 0.971272 8.232544 0.000000 0.000000 0.000000 1.000000
0.991214 0.016034 0.131290 -7.041894 -0.013309 0.999678 -0.021603 80.950485 -0.131594 0.019666 0.991109 7.521140 0.000000 0.000000 0.000000 1.000000
0.999564 0.023459 0.017908 -6.630794 -0.023076 0.999507 -0.021311 81.398132 -0.018399 0.020889 0.999612 6.771425 0.000000 0.000000 0.000000 1.000000
0.994943 0.032263 -0.095117 -6.135330 -0.034227 0.999232 -0.019093 81.665939 0.094428 0.022252 0.995283 6.002735 0.000000 0.000000 0.000000 1.000000
0.977798 0.038974 -0.205892 -5.538897 -0.041410 0.999114 -0.007533 81.729538 0.205416 0.015892 0.978546 5.212051 0.000000 0.000000 0.000000 1.000000
0.948252 0.043739 -0.314491 -4.913714 -0.044270 0.999005 0.005459 81.685669 0.314416 0.008746 0.949245 4.501904 0.000000 0.000000 0.000000 1.000000
0.907694 0.048579 -0.416810 -4.359147 -0.052835 0.998602 0.001327 81.475563 0.416292 0.020818 0.908993 3.888204 0.000000 0.000000 0.000000 1.000000
0.857990 0.053108 -0.510914 -3.847223 -0.065834 0.997807 -0.006837 81.188057 0.509431 0.039502 0.859605 3.367070 0.000000 0.000000 0.000000 1.000000
0.800411 0.058533 -0.596587 -3.384151 -0.080832 0.996671 -0.010661 80.742752 0.593977 0.056757 0.802477 2.889931 0.000000 0.000000 0.000000 1.000000
0.738837 0.065023 -0.670740 -2.986870 -0.098225 0.995095 -0.011730 80.089493 0.666687 0.074550 0.741600 2.381987 0.000000 0.000000 0.000000 1.000000
0.680000 0.067923 -0.730059 -2.627952 -0.113715 0.993422 -0.013492 79.306961 0.724341 0.092193 0.683251 1.808992 0.000000 0.000000 0.000000 1.000000
0.623114 0.064618 -0.779457 -2.295790 -0.123145 0.992257 -0.016185 78.405670 0.772376 0.106071 0.626246 1.194862 0.000000 0.000000 0.000000 1.000000
0.565967 0.055710 -0.822544 -1.999123 -0.132342 0.990915 -0.023948 77.324646 0.813736 0.122411 0.568198 0.629942 0.000000 0.000000 0.000000 1.000000
0.514482 0.044847 -0.856328 -1.762237 -0.142035 0.989294 -0.033524 75.948395 0.845656 0.138876 0.515344 0.103429 0.000000 0.000000 0.000000 1.000000
0.477685 0.041304 -0.877560 -1.517840 -0.155446 0.987107 -0.038154 74.544495 0.864670 0.154639 0.477947 -0.286793 0.000000 0.000000 0.000000 1.000000
0.451580 0.044307 -0.891130 -1.309195 -0.164428 0.985792 -0.034310 73.207306 0.876949 0.162020 0.452449 -0.507095 0.000000 0.000000 0.000000 1.000000
0.424499 0.046704 -0.904223 -1.182447 -0.163562 0.986194 -0.025848 71.817169 0.890532 0.158869 0.426278 -0.634657 0.000000 0.000000 0.000000 1.000000
0.399602 0.046002 -0.915534 -1.067874 -0.163826 0.986245 -0.021950 70.478226 0.901931 0.158759 0.401641 -0.695698 0.000000 0.000000 0.000000 1.000000
0.384172 0.047179 -0.922055 -0.987722 -0.165060 0.986113 -0.018315 69.356163 0.908387 0.159231 0.386625 -0.716624 0.000000 0.000000 0.000000 1.000000
0.378564 0.047231 -0.924369 -0.928410 -0.162665 0.986548 -0.016210 68.413162 0.911169 0.156499 0.381155 -0.708836 0.000000 0.000000 0.000000 1.000000
0.374418 0.044540 -0.926190 -0.883324 -0.160828 0.986826 -0.017560 67.789291 0.913206 0.155532 0.376649 -0.702859 0.000000 0.000000 0.000000 1.000000
0.372416 0.041091 -0.927156 -0.841602 -0.158890 0.987092 -0.020075 67.515778 0.914363 0.154792 0.374138 -0.728026 0.000000 0.000000 0.000000 1.000000
0.373364 0.037686 -0.926919 -0.791237 -0.157452 0.987252 -0.023283 67.534988 0.914225 0.154638 0.374539 -0.774593 0.000000 0.000000 0.000000 1.000000
0.375886 0.034591 -0.926020 -0.733359 -0.157112 0.987214 -0.026897 67.716728 0.913250 0.155600 0.376515 -0.822152 0.000000 0.000000 0.000000 1.000000
0.377702 0.031815 -0.925380 -0.679090 -0.157318 0.987084 -0.030275 67.937981 0.912465 0.157014 0.377829 -0.860693 0.000000 0.000000 0.000000 1.000000
0.378050 0.029434 -0.925317 -0.634534 -0.156973 0.987060 -0.032736 68.149101 0.912380 0.157626 0.377778 -0.896179 0.000000 0.000000 0.000000 1.000000
0.377426 0.027462 -0.925632 -0.595544 -0.155861 0.987185 -0.034264 68.347176 0.912829 0.157202 0.376869 -0.934322 0.000000 0.000000 0.000000 1.000000</float_array><technique_common><accessor source="#Hips-Matrix-animation-output-transform-array" count="62" stride="16"><param type="float4x4"/></accessor></technique_common></source><source id="Hips-Interpolations"><Name_array id="Hips-Interpolations-array" count="62">
 LINEAR LINEAR LINEAR LINEAR LINEAR LINEAR LINEAR LINEAR LINEAR LINEAR LINEAR
LINEAR LINEAR LINEAR LINEAR LINEAR LINEAR LINEAR LINEAR LINEAR LINEAR LINEAR LINEAR
LINEAR LINEAR LINEAR LINEAR LINEAR LINEAR LINEAR LINEAR LINEAR LINEAR LINEAR LINEAR
LINEAR LINEAR LINEAR LINEAR LINEAR LINEAR LINEAR LINEAR LINEAR LINEAR LINEAR LINEAR
LINEAR LINEAR LINEAR LINEAR LINEAR LINEAR LINEAR LINEAR LINEAR LINEAR LINEAR LINEAR
LINEAR LINEAR LINEAR</Name_array><technique_common><accessor source="#Hips-Interpolations-array" count="62"><param type="name"/></accessor></technique_common></source><sampler id="Hips-Matrix-animation-transform"><input semantic="INPUT" source="#Hips-Matrix-animation-input"/><input semantic="OUTPUT" source="#Hips-Matrix-animation-output-transform"/><input semantic="INTERPOLATION" source="#Hips-Interpolations"/></sampler><channel source="#Hips-Matrix-animation-transform" target="Hips/matrix"/></animation>
    <animation id="Spine-anim" name="Spine"><source id="Spine-Matrix-animation-input"><float_array id="Spine-Matrix-animation-input-array" count="62">

0.000000 0.033333 0.066667 0.100000 0.133333 0.166667 0.200000 0.233333 0.266667 0.300000 0.333333 0.366667 0.400000 0.433333 0.466667 0.500000
0.533333 0.566667 0.600000 0.633333 0.666667 0.700000 0.733333 0.766667 0.800000 0.833333 0.866667 0.900000 0.933333 0.966667 1.000000 1.033333
1.066667 1.100000 1.133333 1.166667 1.200000 1.233333 1.266667 1.300000 1.333333 1.366667 1.400000 1.433333 1.466667 1.500000 1.533333 1.566667
1.600000 1.633333 1.666667 1.700000 1.733333 1.766667 1.800000 1.833333 1.866667 1.900000 1.933333 1.966667 2.000000 2.033333</float_array><technique_common><accessor source="#Spine-Matrix-animation-input-array" count="62"><param name="TIME" type="float"/></accessor></technique_common></source><source id="Spine-Matrix-animation-output-transform"><float_array id="Spine-Matrix-animation-output-transform-array" count="992">

0.993304 -0.015748 -0.114453 0.017300 -0.003330 0.986352 -0.164617 10.574800 0.115483 0.163895 0.979695 -1.117200 0.000000 0.000000 0.000000 1.000000
0.993296 -0.014677 -0.114667 0.017300 -0.004313 0.986513 -0.163624 10.574800 0.115522 0.163021 0.979836 -1.117200 0.000000 0.000000 0.000000 1.000000
0.993172 -0.014198 -0.115793 0.017300 -0.004902 0.986611 -0.163018 10.574800 0.116557 0.162472 0.979805 -1.117200 0.000000 0.000000 0.000000 1.000000
0.992815 -0.015186 -0.118688 0.017300 -0.004343 0.986687 -0.162572 10.574800 0.119577 0.161919 0.979532 -1.117200 0.000000 0.000000 0.000000 1.000000
0.992216 -0.017613 -0.123275 0.017300 -0.002614 0.986783 -0.162027 10.574800 0.124499 0.161088 0.979056 -1.117200 0.000000 0.000000 0.000000 1.000000
0.991513 -0.020482 -0.128385 0.017300 -0.000555 0.986837 -0.161720 10.574800 0.130007 0.160419 0.978450 -1.117200 0.000000 0.000000 0.000000 1.000000
0.990793 -0.023129 -0.133392 0.017300 0.001143 0.986693 -0.162590 10.574800 0.135378 0.160941 0.977635 -1.117200 0.000000 0.000000 0.000000 1.000000
0.989951 -0.026233 -0.138958 0.017300 0.002930 0.986237 -0.165313 10.574800 0.141383 0.163244 0.976403 -1.117200 0.000000 0.000000 0.000000 1.000000
0.988486 -0.033288 -0.147608 0.017300 0.007808 0.985424 -0.169938 10.574800 0.151113 0.166829 0.974337 -1.117200 0.000000 0.000000 0.000000 1.000000
0.986281 -0.044307 -0.159019 0.017300 0.015778 0.984199 -0.176362 10.574800 0.164321 0.171433 0.971396 -1.117200 0.000000 0.000000 0.000000 1.000000
0.982881 -0.061380 -0.173715 0.017300 0.029768 0.983392 -0.179039 10.574800 0.181819 0.170803 0.968384 -1.117200 0.000000 0.000000 0.000000 1.000000
0.978411 -0.080777 -0.190229 0.017300 0.047242 0.983498 -0.174640 10.574800 0.201196 0.161883 0.966082 -1.117200 0.000000 0.000000 0.000000 1.000000
0.974176 -0.097479 -0.203664 0.017300 0.062582 0.983237 -0.171258 10.574800 0.216944 0.154089 0.963946 -1.117200 0.000000 0.000000 0.000000 1.000000
0.971627 -0.106461 -0.211203 0.017300 0.069947 0.982366 -0.173394 10.574800 0.225938 0.153701 0.961940 -1.117200 0.000000 0.000000 0.000000 1.000000
0.971557 -0.106231 -0.211643 0.017300 0.068621 0.981683 -0.177734 10.574800 0.226647 0.158156 0.961050 -1.117200 0.000000 0.000000 0.000000 1.000000
0.973644 -0.106711 -0.201567 0.017300 0.070352 0.981214 -0.179636 10.574800 0.216949 0.160721 0.962861 -1.117200 0.000000 0.000000 0.000000 1.000000
0.978594 -0.110144 -0.173843 0.017300 0.079101 0.981142 -0.176361 10.574800 0.189990 0.158835 0.968853 -1.117200 0.000000 0.000000 0.000000 1.000000
0.984138 -0.114642 -0.135389 0.017300 0.091095 0.981421 -0.168862 10.574800 0.152232 0.153851 0.976297 -1.117200 0.000000 0.000000 0.000000 1.000000
0.987432 -0.117190 -0.106044 0.017300 0.099356 0.982081 -0.160144 10.574800 0.122911 0.147596 0.981381 -1.117200 0.000000 0.000000 0.000000 1.000000
0.989057 -0.117823 -0.088794 0.017300 0.103461 0.982966 -0.151899 10.574800 0.105179 0.141050 0.984399 -1.117200 0.000000 0.000000 0.000000 1.000000
0.990675 -0.118451 -0.067318 0.017300 0.108211 0.984297 -0.139464 10.574800 0.082781 0.130879 0.987936 -1.117200 0.000000 0.000000 0.000000 1.000000
0.991932 -0.119299 -0.042884 0.017300 0.113213 0.985828 -0.123795 10.574800 0.057045 0.117941 0.991381 -1.117200 0.000000 0.000000 0.000000 1.000000
0.992648 -0.119854 -0.016876 0.017300 0.117390 0.987305 -0.106997 10.574800 0.029486 0.104230 0.994116 -1.117200 0.000000 0.000000 0.000000 1.000000
0.992704 -0.120147 0.010136 0.017300 0.120571 0.988530 -0.090948 10.574800 0.000907 0.091507 0.995804 -1.117200 0.000000 0.000000 0.000000 1.000000
0.986667 -0.117802 0.112296 0.017300 0.124994 0.990384 -0.059291 10.574800 -0.104231 0.072537 0.991904 -1.117200 0.000000 0.000000 0.000000 1.000000
0.961852 -0.113632 0.248854 0.017300 0.129586 0.990374 -0.048641 10.574800 -0.240932 0.079034 0.967319 -1.117200 0.000000 0.000000 0.000000 1.000000
0.927547 -0.114813 0.355632 0.017300 0.134184 0.990496 -0.030201 10.574800 -0.348784 0.075733 0.934138 -1.117200 0.000000 0.000000 0.000000 1.000000
0.911638 -0.105074 0.397336 0.017300 0.126925 0.991488 -0.029018 10.574800 -0.390905 0.076886 0.917214 -1.117200 0.000000 0.000000 0.000000 1.000000
0.897526 -0.086489 0.432397 0.017300 0.108293 0.993779 -0.026006 10.574800 -0.427458 0.070167 0.901308 -1.117200 0.000000 0.000000 0.000000 1.000000
0.886740 -0.068320 0.457193 0.017300 0.092041 0.995310 -0.029783 10.574800 -0.453014 0.068490 0.888869 -1.117200 0.000000 0.000000 0.000000 1.000000
0.881687 -0.062254 0.467709 0.017300 0.095762 0.994237 -0.048185 10.574800 -0.462014 0.087273 0.882568 -1.117200 0.000000 0.000000 0.000000 1.000000
0.881900 -0.053563 0.468384 0.017300 0.090938 0.994193 -0.057531 10.574800 -0.462582 0.093331 0.881650 -1.117200 0.000000 0.000000 0.000000 1.000000
0.889852 -0.048066 0.453710 0.017300 0.084739 0.994544 -0.060834 10.574800 -0.448311 0.092580 0.889071 -1.117200 0.000000 0.000000 0.000000 1.000000
0.898167 -0.049496 0.436860 0.017300 0.088500 0.993658 -0.069371 10.574800 -0.430656 0.100968 0.896850 -1.117200 0.000000 0.000000 0.000000 1.000000
0.905828 -0.047986 0.420919 0.017300 0.089703 0.992761 -0.079864 10.574800 -0.414040 0.110100 0.903576 -1.117200 0.000000 0.000000 0.000000 1.000000
0.918665 -0.050734 0.391766 0.017300 0.089115 0.992771 -0.080404 10.574800 -0.384855 0.108777 0.916545 -1.117200 0.000000 0.000000 0.000000 1.000000
0.932356 -0.059678 0.356581 0.017300 0.095680 0.991846 -0.084179 10.574800 -0.348650 0.112603 0.930464 -1.117200 0.000000 0.000000 0.000000 1.000000
0.944911 -0.054802 0.322706 0.017300 0.088467 0.991952 -0.090586 10.574800 -0.315145 0.114145 0.942154 -1.117200 0.000000 0.000000 0.000000 1.000000
0.956598 -0.051779 0.286773 0.017300 0.083128 0.991685 -0.098237 10.574800 -0.279302 0.117812 0.952948 -1.117200 0.000000 0.000000 0.000000 1.000000
0.969753 -0.051736 0.238544 0.017300 0.080199 0.990557 -0.111200 10.574800 -0.230538 0.126967 0.964744 -1.117200 0.000000 0.000000 0.000000 1.000000
0.980186 -0.046216 0.192613 0.017300 0.071168 0.989637 -0.124712 10.574800 -0.184853 0.135949 0.973318 -1.117200 0.000000 0.000000 0.000000 1.000000
0.987153 -0.041388 0.154323 0.017300 0.061089 0.990250 -0.125194 10.574800 -0.147637 0.133013 0.980057 -1.117200 0.000000 0.000000 0.000000 1.000000
0.991875 -0.038495 0.121251 0.017300 0.053303 0.991177 -0.121358 10.574800 -0.115510 0.126835 0.985175 -1.117200 0.000000 0.000000 0.000000 1.000000
0.995125 -0.035956 0.091832 0.017300 0.046965 0.991579 -0.120685 10.574800 -0.086719 0.124410 0.988434 -1.117200 0.000000 0.000000 0.000000 1.000000
0.997558 -0.028799 0.063637 0.017300 0.036434 0.991827 -0.122280 10.574800 -0.059595 0.124300 0.990453 -1.117200 0.000000 0.000000 0.000000 1.000000
0.999127 -0.021460 0.035831 0.017300 0.025770 0.991882 -0.124524 10.574800 -0.032867 0.125338 0.991569 -1.117200 0.000000 0.000000 0.000000 1.000000
0.999781 -0.017522 0.011476 0.017300 0.018851 0.991554 -0.128313 10.574800 -0.009131 0.128502 0.991667 -1.117200 0.000000 0.000000 0.000000 1.000000
0.999845 -0.015270 -0.008726 0.017300 0.014002 0.991358 -0.130437 10.574800 0.010642 0.130295 0.991418 -1.117200 0.000000 0.000000 0.000000 1.000000
0.999547 -0.011653 -0.027763 0.017300 0.007888 0.991208 -0.132076 10.574800 0.029058 0.131797 0.990851 -1.117200 0.000000 0.000000 0.000000 1.000000
0.998548 -0.013300 -0.052210 0.017300 0.005996 0.990464 -0.137642 10.574800 0.053542 0.137129 0.989105 -1.117200 0.000000 0.000000 0.000000 1.000000
0.996933 -0.015810 -0.076644 0.017300 0.004339 0.989039 -0.147589 10.574800 0.078137 0.146804 0.986075 -1.117200 0.000000 0.000000 0.000000 1.000000
0.995820 -0.012560 -0.090471 0.017300 -0.001845 0.987533 -0.157401 10.574800 0.091320 0.156910 0.983382 -1.117200 0.000000 0.000000 0.000000 1.000000
0.995389 -0.012237 -0.095132 0.017300 -0.003492 0.986548 -0.163437 10.574800 0.095852 0.163016 0.981956 -1.117200 0.000000 0.000000 0.000000 1.000000
0.994966 -0.015844 -0.098957 0.017300 -0.001276 0.985341 -0.170592 10.574800 0.100209 0.169859 0.980360 -1.117200 0.000000 0.000000 0.000000 1.000000
0.994309 -0.017004 -0.105169 0.017300 -0.001788 0.984378 -0.176057 10.574800 0.106519 0.175243 0.978746 -1.117200 0.000000 0.000000 0.000000 1.000000
0.993924 -0.016459 -0.108835 0.017300 -0.003137 0.984120 -0.177474 10.574800 0.110028 0.176737 0.978089 -1.117200 0.000000 0.000000 0.000000 1.000000
0.993825 -0.015072 -0.109928 0.017300 -0.004526 0.984399 -0.175894 10.574800 0.110864 0.175305 0.978252 -1.117200 0.000000 0.000000 0.000000 1.000000
0.993597 -0.013619 -0.112160 0.017300 -0.006225 0.984603 -0.174696 10.574800 0.112812 0.174276 0.978213 -1.117200 0.000000 0.000000 0.000000 1.000000
0.993390 -0.015031 -0.113801 0.017300 -0.004772 0.985125 -0.171771 10.574800 0.114690 0.171179 0.978542 -1.117200 0.000000 0.000000 0.000000 1.000000
0.993302 -0.016237 -0.114403 0.017300 -0.003313 0.985669 -0.168659 10.574800 0.115502 0.167908 0.979013 -1.117200 0.000000 0.000000 0.000000 1.000000
0.993289 -0.016462 -0.114480 0.017300 -0.002814 0.986086 -0.166211 10.574800 0.115624 0.165418 0.979422 -1.117200 0.000000 0.000000 0.000000 1.000000
0.993304 -0.015748 -0.114453 0.017300 -0.003330 0.986352 -0.164617 10.574800 0.115484 0.163896 0.979695 -1.117200 0.000000 0.000000 0.000000 1.000000</float_array><technique_common><accessor source="#Spine-Matrix-animation-output-transform-array" count="62" stride="16"><param type="float4x4"/></accessor></technique_common></source><source id="Spine-Interpolations"><Name_array id="Spine-Interpolations-array" count="62">
 LINEAR LINEAR LINEAR LINEAR LINEAR LINEAR LINEAR LINEAR LINEAR LINEAR LINEAR
LINEAR LINEAR LINEAR LINEAR LINEAR LINEAR LINEAR LINEAR LINEAR LINEAR LINEAR LINEAR
LINEAR LINEAR LINEAR LINEAR LINEAR LINEAR LINEAR LINEAR LINEAR LINEAR LINEAR LINEAR
LINEAR LINEAR LINEAR LINEAR LINEAR LINEAR LINEAR LINEAR LINEAR LINEAR LINEAR LINEAR
LINEAR LINEAR LINEAR LINEAR LINEAR LINEAR LINEAR LINEAR LINEAR LINEAR LINEAR LINEAR
LINEAR LINEAR LINEAR</Name_array><technique_common><accessor source="#Spine-Interpolations-array" count="62"><param type="name"/></accessor></technique_common></source><sampler id="Spine-Matrix-animation-transform"><input semantic="INPUT" source="#Spine-Matrix-animation-input"/><input semantic="OUTPUT" source="#Spine-Matrix-animation-output-transform"/><input semantic="INTERPOLATION" source="#Spine-Interpolations"/></sampler><channel source="#Spine-Matrix-animation-transform" target="Spine/matrix"/></animation>
    <animation id="Spine1-anim" name="Spine1"><source id="Spine1-Matrix-animation-input"><float_array id="Spine1-Matrix-animation-input-array" count="62">

0.000000 0.033333 0.066667 0.100000 0.133333 0.166667 0.200000 0.233333 0.266667 0.300000 0.333333 0.366667 0.400000 0.433333 0.466667 0.500000
0.533333 0.566667 0.600000 0.633333 0.666667 0.700000 0.733333 0.766667 0.800000 0.833333 0.866667 0.900000 0.933333 0.966667 1.000000 1.033333
1.066667 1.100000 1.133333 1.166667 1.200000 1.233333 1.266667 1.300000 1.333333 1.366667 1.400000 1.433333 1.466667 1.500000 1.533333 1.566667
1.600000 1.633333 1.666667 1.700000 1.733333 1.766667 1.800000 1.833333 1.866667 1.900000 1.933333 1.966667 2.000000 2.033333</float_array><technique_common><accessor source="#Spine1-Matrix-animation-input-array" count="62"><param name="TIME" type="float"/></accessor></technique_common></source><source id="Spine1-Matrix-animation-output-transform"><float_array id="Spine1-Matrix-animation-output-transform-array" count="992">

0.994464 0.029531 -0.100845 0.019000 -0.045198 0.986595 -0.156806 12.337300 0.094862 0.160496 0.982467 -1.303400 0.000000 0.000000 0.000000 1.000000
0.994415 0.030443 -0.101055 0.019000 -0.046053 0.986694 -0.155932 12.337300 0.094964 0.159715 0.982585 -1.303400 0.000000 0.000000 0.000000 1.000000
0.994302 0.030277 -0.102215 0.019000 -0.046032 0.986764 -0.155493 12.337300 0.096154 0.159313 0.982534 -1.303400 0.000000 0.000000 0.000000 1.000000
0.994055 0.028299 -0.105139 0.019000 -0.044521 0.986863 -0.155302 12.337300 0.099363 0.159060 0.982256 -1.303400 0.000000 0.000000 0.000000 1.000000
0.993656 0.024893 -0.109677 0.019000 -0.041853 0.987002 -0.155163 12.337300 0.104389 0.158769 0.981782 -1.303400 0.000000 0.000000 0.000000 1.000000
0.993179 0.021209 -0.114655 0.019000 -0.039024 0.987072 -0.155454 12.337300 0.109876 0.158868 0.981167 -1.303400 0.000000 0.000000 0.000000 1.000000
0.992682 0.017575 -0.119476 0.019000 -0.036367 0.986932 -0.156981 12.337300 0.115156 0.160177 0.980348 -1.303400 0.000000 0.000000 0.000000 1.000000
0.992093 0.012702 -0.124864 0.019000 -0.032787 0.986548 -0.160152 12.337300 0.121150 0.162979 0.979163 -1.303400 0.000000 0.000000 0.000000 1.000000
0.991068 0.003366 -0.133313 0.019000 -0.025495 0.986025 -0.164634 12.337300 0.130896 0.166563 0.977304 -1.303400 0.000000 0.000000 0.000000 1.000000
0.989492 -0.009156 -0.144296 0.019000 -0.015876 0.985078 -0.171372 12.337300 0.143712 0.171862 0.974582 -1.303400 0.000000 0.000000 0.000000 1.000000
0.986768 -0.031505 -0.159047 0.019000 0.003026 0.984347 -0.176216 12.337300 0.162109 0.173404 0.971417 -1.303400 0.000000 0.000000 0.000000 1.000000
0.982729 -0.059553 -0.175208 0.019000 0.027783 0.983552 -0.178476 12.337300 0.182955 0.170525 0.968219 -1.303400 0.000000 0.000000 0.000000 1.000000
0.978675 -0.084487 -0.187234 0.019000 0.049620 0.981741 -0.183635 12.337300 0.199330 0.170428 0.964998 -1.303400 0.000000 0.000000 0.000000 1.000000
0.976020 -0.099049 -0.193840 0.019000 0.061698 0.979839 -0.190022 12.337300 0.208753 0.173506 0.962454 -1.303400 0.000000 0.000000 0.000000 1.000000
0.975608 -0.101977 -0.194395 0.019000 0.063243 0.978572 -0.195952 12.337300 0.210212 0.178878 0.961152 -1.303400 0.000000 0.000000 0.000000 1.000000
0.977245 -0.104319 -0.184686 0.019000 0.066512 0.977496 -0.200194 12.337300 0.201414 0.183355 0.962192 -1.303400 0.000000 0.000000 0.000000 1.000000
0.981369 -0.109730 -0.157718 0.019000 0.076877 0.976555 -0.201071 12.337300 0.176084 0.185200 0.966796 -1.303400 0.000000 0.000000 0.000000 1.000000
0.985863 -0.116095 -0.120818 0.019000 0.090842 0.976225 -0.196806 12.337300 0.140794 0.183048 0.972970 -1.303400 0.000000 0.000000 0.000000 1.000000
0.988304 -0.120253 -0.093776 0.019000 0.101080 0.977031 -0.187600 12.337300 0.114181 0.175927 0.977759 -1.303400 0.000000 0.000000 0.000000 1.000000
0.989508 -0.121595 -0.078027 0.019000 0.106075 0.978106 -0.179046 12.337300 0.098090 0.168891 0.980742 -1.303400 0.000000 0.000000 0.000000 1.000000
0.990784 -0.122394 -0.058029 0.019000 0.111193 0.979565 -0.167598 12.337300 0.077356 0.159601 0.984146 -1.303400 0.000000 0.000000 0.000000 1.000000
0.991789 -0.123023 -0.034937 0.019000 0.116240 0.981077 -0.154842 12.337300 0.053325 0.149509 0.987321 -1.303400 0.000000 0.000000 0.000000 1.000000
0.992185 -0.124351 -0.010280 0.019000 0.121642 0.982331 -0.142232 12.337300 0.027785 0.139870 0.989780 -1.303400 0.000000 0.000000 0.000000 1.000000
0.991875 -0.126305 0.015189 0.019000 0.127205 0.983259 -0.130461 12.337300 0.001543 0.131333 0.991337 -1.303400 0.000000 0.000000 0.000000 1.000000
0.986324 -0.122135 0.110668 0.019000 0.133641 0.985630 -0.103314 12.337300 -0.096460 0.116691 0.988473 -1.303400 0.000000 0.000000 0.000000 1.000000
0.964786 -0.111644 0.238167 0.019000 0.134547 0.987498 -0.082129 12.337300 -0.226020 0.111282 0.967745 -1.303400 0.000000 0.000000 0.000000 1.000000
0.934754 -0.102355 0.340233 0.019000 0.128433 0.990194 -0.054969 12.337300 -0.331271 0.095080 0.938733 -1.303400 0.000000 0.000000 0.000000 1.000000
0.921540 -0.083498 0.379199 0.019000 0.107630 0.993267 -0.042852 12.337300 -0.373068 0.080303 0.924322 -1.303400 0.000000 0.000000 0.000000 1.000000
0.908852 -0.065050 0.412016 0.019000 0.087435 0.995531 -0.035692 12.337300 -0.407853 0.068463 0.910477 -1.303400 0.000000 0.000000 0.000000 1.000000
0.898173 -0.061397 0.435335 0.019000 0.089394 0.995019 -0.044104 12.337300 -0.430459 0.078530 0.899188 -1.303400 0.000000 0.000000 0.000000 1.000000
0.893134 -0.066874 0.444792 0.019000 0.106775 0.992141 -0.065236 12.337300 -0.436934 0.105758 0.893255 -1.303400 0.000000 0.000000 0.000000 1.000000
0.893399 -0.060185 0.445214 0.019000 0.105864 0.991283 -0.078430 12.337300 -0.436613 0.117201 0.891983 -1.303400 0.000000 0.000000 0.000000 1.000000
0.900620 -0.057665 0.430765 0.019000 0.106943 0.990087 -0.091052 12.337300 -0.421244 0.128071 0.897859 -1.303400 0.000000 0.000000 0.000000 1.000000
0.908128 -0.056807 0.414821 0.019000 0.109566 0.988471 -0.104497 12.337300 -0.404103 0.140347 0.903883 -1.303400 0.000000 0.000000 0.000000 1.000000
0.915185 -0.049203 0.400020 0.019000 0.103518 0.987920 -0.115318 12.337300 -0.389514 0.146946 0.909223 -1.303400 0.000000 0.000000 0.000000 1.000000
0.926740 -0.049499 0.372429 0.019000 0.101381 0.987458 -0.121032 12.337300 -0.361767 0.149923 0.920135 -1.303400 0.000000 0.000000 0.000000 1.000000
0.938938 -0.055677 0.339552 0.019000 0.104293 0.986450 -0.126643 12.337300 -0.327900 0.154323 0.932023 -1.303400 0.000000 0.000000 0.000000 1.000000
0.950541 -0.044609 0.307380 0.019000 0.086801 0.988354 -0.124987 12.337300 -0.298225 0.145486 0.943343 -1.303400 0.000000 0.000000 0.000000 1.000000
0.961173 -0.036557 0.273513 0.019000 0.073056 0.989530 -0.124473 12.337300 -0.266099 0.139622 0.953780 -1.303400 0.000000 0.000000 0.000000 1.000000
0.973015 -0.037580 0.227660 0.019000 0.068512 0.989206 -0.129529 12.337300 -0.220335 0.141631 0.965087 -1.303400 0.000000 0.000000 0.000000 1.000000
0.982352 -0.035759 0.183592 0.019000 0.061114 0.989046 -0.134365 12.337300 -0.176776 0.143214 0.973776 -1.303400 0.000000 0.000000 0.000000 1.000000
0.988548 -0.033005 0.147253 0.019000 0.053045 0.989518 -0.134314 12.337300 -0.141276 0.140586 0.979937 -1.303400 0.000000 0.000000 0.000000 1.000000
0.992772 -0.030187 0.116158 0.019000 0.045627 0.990112 -0.132649 12.337300 -0.111005 0.136990 0.984333 -1.303400 0.000000 0.000000 0.000000 1.000000
0.995752 -0.024255 0.088827 0.019000 0.036053 0.990362 -0.133728 12.337300 -0.084728 0.136363 0.987029 -1.303400 0.000000 0.000000 0.000000 1.000000
0.997971 -0.007302 0.063257 0.019000 0.015858 0.990603 -0.135844 12.337300 -0.061671 0.136572 0.988709 -1.303400 0.000000 0.000000 0.000000 1.000000
0.999258 0.007690 0.037730 0.019000 -0.002482 0.990683 -0.136164 12.337300 -0.038425 0.135970 0.989968 -1.303400 0.000000 0.000000 0.000000 1.000000
0.999815 0.012234 0.014834 0.019000 -0.010088 0.990522 -0.136983 12.337300 -0.016369 0.136808 0.990462 -1.303400 0.000000 0.000000 0.000000 1.000000
0.999851 0.016751 -0.004095 0.019000 -0.017154 0.990387 -0.137255 12.337300 0.001756 0.137305 0.990527 -1.303400 0.000000 0.000000 0.000000 1.000000
0.999531 0.021500 -0.021797 0.019000 -0.024308 0.990127 -0.138046 12.337300 0.018613 0.138511 0.990186 -1.303400 0.000000 0.000000 0.000000 1.000000
0.998775 0.022072 -0.044282 0.019000 -0.028189 0.989372 -0.142645 12.337300 0.040663 0.143718 0.988783 -1.303400 0.000000 0.000000 0.000000 1.000000
0.997485 0.024483 -0.066512 0.019000 -0.034195 0.988238 -0.149054 12.337300 0.062081 0.150953 0.986590 -1.303400 0.000000 0.000000 0.000000 1.000000
0.996434 0.029230 -0.079153 0.019000 -0.041253 0.987082 -0.154815 12.337300 0.073605 0.157528 0.984768 -1.303400 0.000000 0.000000 0.000000 1.000000
0.996073 0.030284 -0.083200 0.019000 -0.043255 0.986358 -0.158831 12.337300 0.077254 0.161806 0.983794 -1.303400 0.000000 0.000000 0.000000 1.000000
0.995851 0.028886 -0.086293 0.019000 -0.042841 0.985441 -0.164531 12.337300 0.080284 0.167545 0.982590 -1.303400 0.000000 0.000000 0.000000 1.000000
0.995340 0.030016 -0.091632 0.019000 -0.045251 0.984576 -0.169006 12.337300 0.085146 0.172365 0.981346 -1.303400 0.000000 0.000000 0.000000 1.000000
0.994976 0.032758 -0.094606 0.019000 -0.048603 0.984179 -0.170382 12.337300 0.087528 0.174124 0.980826 -1.303400 0.000000 0.000000 0.000000 1.000000
0.994840 0.033711 -0.095694 0.019000 -0.049620 0.984353 -0.169079 12.337300 0.088497 0.172955 0.980946 -1.303400 0.000000 0.000000 0.000000 1.000000
0.994624 0.032925 -0.098183 0.019000 -0.049079 0.984740 -0.166966 12.337300 0.091187 0.170887 0.981062 -1.303400 0.000000 0.000000 0.000000 1.000000
0.994519 0.030404 -0.100034 0.019000 -0.046585 0.985420 -0.163638 12.337300 0.093600 0.167401 0.981436 -1.303400 0.000000 0.000000 0.000000 1.000000
0.994493 0.028833 -0.100761 0.019000 -0.044853 0.986008 -0.160551 12.337300 0.094722 0.164186 0.981871 -1.303400 0.000000 0.000000 0.000000 1.000000
0.994486 0.028670 -0.100878 0.019000 -0.044491 0.986394 -0.158266 12.337300 0.094968 0.161881 0.982230 -1.303400 0.000000 0.000000 0.000000 1.000000
0.994464 0.029531 -0.100845 0.019000 -0.045198 0.986595 -0.156806 12.337300 0.094863 0.160496 0.982467 -1.303400 0.000000 0.000000 0.000000 1.000000</float_array><technique_common><accessor source="#Spine1-Matrix-animation-output-transform-array" count="62" stride="16"><param type="float4x4"/></accessor></technique_common></source><source id="Spine1-Interpolations"><Name_array id="Spine1-Interpolations-array" count="62">
 LINEAR LINEAR LINEAR LINEAR LINEAR LINEAR LINEAR LINEAR LINEAR LINEAR LINEAR
LINEAR LINEAR LINEAR LINEAR LINEAR LINEAR LINEAR LINEAR LINEAR LINEAR LINEAR LINEAR
LINEAR LINEAR LINEAR LINEAR LINEAR LINEAR LINEAR LINEAR LINEAR LINEAR LINEAR LINEAR
LINEAR LINEAR LINEAR LINEAR LINEAR LINEAR LINEAR LINEAR LINEAR LINEAR LINEAR LINEAR
LINEAR LINEAR LINEAR LINEAR LINEAR LINEAR LINEAR LINEAR LINEAR LINEAR LINEAR LINEAR
LINEAR LINEAR LINEAR</Name_array><technique_common><accessor source="#Spine1-Interpolations-array" count="62"><param type="name"/></accessor></technique_common></source><sampler id="Spine1-Matrix-animation-transform"><input semantic="INPUT" source="#Spine1-Matrix-animation-input"/><input semantic="OUTPUT" source="#Spine1-Matrix-animation-output-transform"/><input semantic="INTERPOLATION" source="#Spine1-Interpolations"/></sampler><channel source="#Spine1-Matrix-animation-transform" target="Spine1/matrix"/></animation>
    <animation id="Spine2-anim" name="Spine2"><source id="Spine2-Matrix-animation-input"><float_array id="Spine2-Matrix-animation-input-array" count="62">

0.000000 0.033333 0.066667 0.100000 0.133333 0.166667 0.200000 0.233333 0.266667 0.300000 0.333333 0.366667 0.400000 0.433333 0.466667 0.500000
0.533333 0.566667 0.600000 0.633333 0.666667 0.700000 0.733333 0.766667 0.800000 0.833333 0.866667 0.900000 0.933333 0.966667 1.000000 1.033333
1.066667 1.100000 1.133333 1.166667 1.200000 1.233333 1.266667 1.300000 1.333333 1.366667 1.400000 1.433333 1.466667 1.500000 1.533333 1.566667
1.600000 1.633333 1.666667 1.700000 1.733333 1.766667 1.800000 1.833333 1.866667 1.900000 1.933333 1.966667 2.000000 2.033333</float_array><technique_common><accessor source="#Spine2-Matrix-animation-input-array" count="62"><param name="TIME" type="float"/></accessor></technique_common></source><source id="Spine2-Matrix-animation-output-transform"><float_array id="Spine2-Matrix-animation-output-transform-array" count="992">

0.994268 0.029294 -0.102822 0.021700 -0.045152 0.986807 -0.155475 14.099800 0.096911 0.159227 0.982474 -1.489600 0.000000 0.000000 0.000000 1.000000
0.994221 0.030208 -0.103016 0.021700 -0.046005 0.986905 -0.154603 14.099800 0.096997 0.158449 0.982591 -1.489600 0.000000 0.000000 0.000000 1.000000
0.994105 0.030039 -0.104179 0.021700 -0.045978 0.986978 -0.154144 14.099800 0.098192 0.158026 0.982541 -1.489600 0.000000 0.000000 0.000000 1.000000
0.993848 0.028052 -0.107137 0.021700 -0.044451 0.987088 -0.153890 14.099800 0.101437 0.157705 0.982262 -1.489600 0.000000 0.000000 0.000000 1.000000
0.993434 0.024636 -0.111723 0.021700 -0.041762 0.987242 -0.153654 14.099800 0.106512 0.157311 0.981788 -1.489600 0.000000 0.000000 0.000000 1.000000
0.992943 0.020950 -0.116730 0.021700 -0.038919 0.987326 -0.153857 14.099800 0.112027 0.157314 0.981174 -1.489600 0.000000 0.000000 0.000000 1.000000
0.992433 0.017325 -0.121557 0.021700 -0.036258 0.987198 -0.155323 14.099800 0.117310 0.158555 0.980356 -1.489600 0.000000 0.000000 0.000000 1.000000
0.991830 0.012472 -0.126956 0.021700 -0.032690 0.986828 -0.158437 14.099800 0.123308 0.161293 0.979173 -1.489600 0.000000 0.000000 0.000000 1.000000
0.990775 0.003210 -0.135483 0.021700 -0.025455 0.986334 -0.162781 14.099800 0.133109 0.164728 0.977316 -1.489600 0.000000 0.000000 0.000000 1.000000
0.989148 -0.009192 -0.146635 0.021700 -0.015939 0.985437 -0.169294 14.099800 0.146055 0.169794 0.974596 -1.489600 0.000000 0.000000 0.000000 1.000000
0.986343 -0.031356 -0.161691 0.021700 0.002827 0.984789 -0.173733 14.099800 0.164679 0.170903 0.971428 -1.489600 0.000000 0.000000 0.000000 1.000000
0.982221 -0.059176 -0.178157 0.021700 0.027449 0.984091 -0.175535 14.099800 0.185710 0.167523 0.968219 -1.489600 0.000000 0.000000 0.000000 1.000000
0.978116 -0.083972 -0.190363 0.021700 0.049217 0.982353 -0.180445 14.099800 0.202156 0.167127 0.964988 -1.489600 0.000000 0.000000 0.000000 1.000000
0.975436 -0.098502 -0.197035 0.021700 0.061283 0.980488 -0.186784 14.099800 0.211589 0.170121 0.962439 -1.489600 0.000000 0.000000 0.000000 1.000000
0.975040 -0.101461 -0.197490 0.021700 0.062822 0.979204 -0.192906 14.099800 0.212955 0.175685 0.961137 -1.489600 0.000000 0.000000 0.000000 1.000000
0.976735 -0.103895 -0.187605 0.021700 0.066098 0.978068 -0.197521 14.099800 0.204012 0.180525 0.962180 -1.489600 0.000000 0.000000 0.000000 1.000000
0.980975 -0.109500 -0.160306 0.021700 0.076530 0.976999 -0.199040 14.099800 0.178413 0.182985 0.966791 -1.489600 0.000000 0.000000 0.000000 1.000000
0.985596 -0.116155 -0.122920 0.021700 0.090711 0.976513 -0.195432 14.099800 0.142734 0.181466 0.972984 -1.489600 0.000000 0.000000 0.000000 1.000000
0.988096 -0.120442 -0.095707 0.021700 0.101054 0.977242 -0.186509 14.099800 0.115992 0.174617 0.977780 -1.489600 0.000000 0.000000 0.000000 1.000000
0.989332 -0.121781 -0.079943 0.021700 0.106030 0.978284 -0.178098 14.099800 0.099896 0.167721 0.980760 -1.489600 0.000000 0.000000 0.000000 1.000000
0.990654 -0.122541 -0.059907 0.021700 0.111095 0.979699 -0.166874 14.099800 0.079139 0.158659 0.984157 -1.489600 0.000000 0.000000 0.000000 1.000000
0.991710 -0.123122 -0.036783 0.021700 0.116086 0.981165 -0.154403 14.099800 0.055100 0.148853 0.987323 -1.489600 0.000000 0.000000 0.000000 1.000000
0.992152 -0.124447 -0.012153 0.021700 0.121479 0.982370 -0.142096 14.099800 0.029622 0.139505 0.989778 -1.489600 0.000000 0.000000 0.000000 1.000000
0.991879 -0.126494 0.013247 0.021700 0.127138 0.983247 -0.130619 14.099800 0.003497 0.131242 0.991344 -1.489600 0.000000 0.000000 0.000000 1.000000
0.986340 -0.123340 0.109179 0.021700 0.134694 0.985460 -0.103568 14.099800 -0.094818 0.116859 0.988612 -1.489600 0.000000 0.000000 0.000000 1.000000
0.964596 -0.114350 0.237653 0.021700 0.136742 0.987378 -0.079921 14.099800 -0.225514 0.109588 0.968057 -1.489600 0.000000 0.000000 0.000000 1.000000
0.934393 -0.105664 0.340214 0.021700 0.130042 0.990267 -0.049599 14.099800 -0.331662 0.090587 0.939039 -1.489600 0.000000 0.000000 0.000000 1.000000
