<?xml version="1.0" encoding="utf-8"?>
<COLLADA xmlns="http://www.collada.org/2005/11/COLLADASchema" version="1.4.1">
  <asset><contributor><author>Mixamo</author><authoring_tool>COLLADA Mixamo exporter</authoring_tool><comments></comments></contributor><created>2018-10-13T10:15:55Z</created><modified>2018-10-13T10:15:55Z</modified><revision></revision><title></title><unit meter="0.010000"/><up_axis>Y_UP</up_axis></asset>
  <library_animations>
    <animation id="Hips-anim" name="Hips"><source id="Hips-Matrix-animation-input"><float_array id="Hips-Matrix-animation-input-array" count="34">

0.000000 0.033333 0.066667 0.100000 0.133333 0.166667 0.200000 0.233333 0.266667 0.300000 0.333333 0.366667 0.400000 0.433333 0.466667 0.500000
0.533333 0.566667 0.600000 0.633333 0.666667 0.700000 0.733333 0.766667 0.800000 0.833333 0.866667 0.900000 0.933333 0.966667 1.000000 1.033333
1.066667 1.100000</float_array><technique_common><accessor source="#Hips-Matrix-animation-input-array" count="34"><param name="TIME" type="float"/></accessor></technique_common></source><source id="Hips-Matrix-animation-output-transform"><float_array id="Hips-Matrix-animation-output-transform-array" count="544">

0.467816 -0.083849 -0.879840 0.854573 0.030345 0.996426 -0.078825 85.738495 0.883305 0.010177 0.468688 -0.473051 0.000000 0.000000 0.000000 1.000000
0.412103 -0.089049 -0.906775 0.894422 0.015510 0.995754 -0.090738 85.771240 0.911005 0.023330 0.411735 0.841470 0.000000 0.000000 0.000000 1.000000
0.365655 -0.101134 -0.925240 1.078554 -0.002622 0.993963 -0.109682 86.104462 0.930747 0.042532 0.363182 2.202756 0.000000 0.000000 0.000000 1.000000
0.318551 -0.117108 -0.940644 1.404851 -0.024089 0.991019 -0.131537 86.703979 0.947600 0.064561 0.312869 3.590892 0.000000 0.000000 0.000000 1.000000
0.275446 -0.133929 -0.951942 1.874921 -0.046621 0.987221 -0.152383 87.361069 0.960186 0.086354 0.265682 4.977973 0.000000 0.000000 0.000000 1.000000
0.236703 -0.148541 -0.960160 2.511677 -0.067814 0.983308 -0.168841 87.770821 0.969212 0.105078 0.222679 6.350420 0.000000 0.000000 0.000000 1.000000
0.201947 -0.159597 -0.966305 3.328403 -0.084634 0.980099 -0.179563 87.955040 0.975733 0.118044 0.184421 7.703208 0.000000 0.000000 0.000000 1.000000
0.167196 -0.168327 -0.971448 4.273873 -0.086082 0.979063 -0.184462 87.986931 0.982159 0.114466 0.149205 8.946123 0.000000 0.000000 0.000000 1.000000
0.126196 -0.175518 -0.976354 5.301723 -0.078992 0.979320 -0.186261 88.064438 0.988855 0.100630 0.109722 10.098325 0.000000 0.000000 0.000000 1.000000
0.082447 -0.180906 -0.980039 6.385762 -0.071305 0.979795 -0.186859 88.139130 0.994041 0.085287 0.067882 11.204394 0.000000 0.000000 0.000000 1.000000
0.036633 -0.182044 -0.982608 7.515963 -0.063188 0.980878 -0.184079 88.195702 0.997329 0.068832 0.024429 12.230858 0.000000 0.000000 0.000000 1.000000
-0.015626 -0.181158 -0.983330 8.634876 -0.050881 0.982320 -0.180164 88.171761 0.998582 0.047217 -0.024567 13.131747 0.000000 0.000000 0.000000 1.000000
-0.072173 -0.179669 -0.981076 9.696709 -0.036751 0.983452 -0.177401 88.077286 0.996715 0.023252 -0.077581 13.893329 0.000000 0.000000 0.000000 1.000000
-0.131605 -0.177233 -0.975330 10.702529 -0.021200 0.984166 -0.175978 87.911774 0.991076 -0.002483 -0.133278 14.481573 0.000000 0.000000 0.000000 1.000000
-0.190046 -0.172580 -0.966488 11.652607 -0.005149 0.984590 -0.174800 87.623146 0.981762 -0.028244 -0.188006 14.751598 0.000000 0.000000 0.000000 1.000000
-0.244542 -0.167522 -0.955058 12.538525 0.012140 0.984356 -0.175770 87.219757 0.969563 -0.054577 -0.238683 14.662987 0.000000 0.000000 0.000000 1.000000
-0.294766 -0.159742 -0.942123 13.363873 0.033660 0.983581 -0.177303 86.795052 0.954976 -0.083975 -0.284549 14.320645 0.000000 0.000000 0.000000 1.000000
-0.339500 -0.149389 -0.928667 14.113211 0.053850 0.982601 -0.177752 86.387497 0.939063 -0.110356 -0.325548 13.576147 0.000000 0.000000 0.000000 1.000000
-0.378175 -0.138695 -0.915285 14.749769 0.068434 0.981819 -0.177052 86.020760 0.923201 -0.129593 -0.361808 12.289894 0.000000 0.000000 0.000000 1.000000
-0.421581 -0.127589 -0.897770 15.248900 0.078754 0.981159 -0.176422 85.874481 0.903365 -0.145079 -0.403590 10.651749 0.000000 0.000000 0.000000 1.000000
-0.461154 -0.116315 -0.879663 15.585060 0.088994 0.980309 -0.176278 86.139725 0.882846 -0.159575 -0.441722 8.892548 0.000000 0.000000 0.000000 1.000000
-0.499343 -0.105839 -0.859916 15.730075 0.089830 0.980837 -0.172885 86.462196 0.861735 -0.163575 -0.480266 7.130270 0.000000 0.000000 0.000000 1.000000
-0.537403 -0.095589 -0.837891 15.451275 0.088288 0.981719 -0.168624 86.741066 0.838691 -0.164595 -0.519139 5.324573 0.000000 0.000000 0.000000 1.000000
-0.575083 -0.085515 -0.813613 14.620770 0.085114 0.982870 -0.163466 87.016251 0.813655 -0.163257 -0.557954 3.573374 0.000000 0.000000 0.000000 1.000000
-0.612133 -0.076063 -0.787088 13.337434 0.080101 0.984279 -0.157415 87.242584 0.786687 -0.159406 -0.596417 2.014606 0.000000 0.000000 0.000000 1.000000
-0.648307 -0.066964 -0.758429 11.734886 0.074245 0.985817 -0.150505 87.460648 0.757751 -0.153883 -0.634140 0.749510 0.000000 0.000000 0.000000 1.000000
-0.683338 -0.057813 -0.727810 9.951438 0.068548 0.987376 -0.142791 87.690010 0.726877 -0.147465 -0.670748 -0.118368 0.000000 0.000000 0.000000 1.000000
-0.717015 -0.049186 -0.695320 8.064094 0.062465 0.988960 -0.134371 87.812035 0.694253 -0.139779 -0.706027 -0.441037 0.000000 0.000000 0.000000 1.000000
-0.749150 -0.041326 -0.661110 6.166963 0.056004 0.990527 -0.125381 87.754196 0.660029 -0.130954 -0.739739 -0.380088 0.000000 0.000000 0.000000 1.000000
-0.779594 -0.034341 -0.625343 4.361280 0.049332 0.992026 -0.115978 87.534164 0.624339 -0.121265 -0.771684 -0.206506 0.000000 0.000000 0.000000 1.000000
-0.808203 -0.027743 -0.588250 2.786076 0.043305 0.993386 -0.106347 87.147598 0.587310 -0.111424 -0.801656 0.036936 0.000000 0.000000 0.000000 1.000000
-0.834862 -0.021663 -0.550032 1.525260 0.037904 0.994591 -0.096705 86.623932 0.549152 -0.101584 -0.829526 0.316071 0.000000 0.000000 0.000000 1.000000
-0.859506 -0.015684 -0.510885 0.717093 0.033717 0.995612 -0.087290 86.015755 0.510012 -0.092251 -0.855206 0.600570 0.000000 0.000000 0.000000 1.000000
-0.882076 -0.009524 -0.471010 0.471961 0.031085 0.996440 -0.078362 85.739853 0.470080 -0.083762 -0.878640 0.853631 0.000000 0.000000 0.000000 1.000000</float_array><technique_common><accessor source="#Hips-Matrix-animation-output-transform-array" count="34" stride="16"><param type="float4x4"/></accessor></technique_common></source><source id="Hips-Interpolations"><Name_array id="Hips-Interpolations-array" count="34">
 LINEAR LINEAR LINEAR LINEAR LINEAR LINEAR LINEAR LINEAR LINEAR LINEAR LINEAR
LINEAR LINEAR LINEAR LINEAR LINEAR LINEAR LINEAR LINEAR LINEAR LINEAR LINEAR LINEAR
LINEAR LINEAR LINEAR LINEAR LINEAR LINEAR LINEAR LINEAR LINEAR LINEAR LINEAR</Name_array><technique_common><accessor source="#Hips-Interpolations-array" count="34"><param type="name"/></accessor></technique_common></source><sampler id="Hips-Matrix-animation-transform"><input semantic="INPUT" source="#Hips-Matrix-animation-input"/><input semantic="OUTPUT" source="#Hips-Matrix-animation-output-transform"/><input semantic="INTERPOLATION" source="#Hips-Interpolations"/></sampler><channel source="#Hips-Matrix-animation-transform" target="Hips/matrix"/></animation>
    <animation id="Spine-anim" name="Spine"><source id="Spine-Matrix-animation-input"><float_array id="Spine-Matrix-animation-input-array" count="34">

0.000000 0.033333 0.066667 0.100000 0.133333 0.166667 0.200000 0.233333 0.266667 0.300000 0.333333 0.366667 0.400000 0.433333 0.466667 0.500000
0.533333 0.566667 0.600000 0.633333 0.666667 0.700000 0.733333 0.766667 0.800000 0.833333 0.866667 0.900000 0.933333 0.966667 1.000000 1.033333
1.066667 1.100000</float_array><technique_common><accessor source="#Spine-Matrix-animation-input-array" count="34"><param name="TIME" type="float"/></accessor></technique_common></source><source id="Spine-Matrix-animation-output-transform"><float_array id="Spine-Matrix-animation-output-transform-array" count="544">

0.997178 0.074868 -0.005619 0.017300 -0.073752 0.962804 -0.259942 10.574800 -0.014052 0.259622 0.965608 -1.117200 0.000000 0.000000 0.000000 1.000000
0.997019 0.077020 0.004519 0.017300 -0.073281 0.963689 -0.256774 10.574800 -0.024132 0.255678 0.966461 -1.117200 0.000000 0.000000 0.000000 1.000000
0.996834 0.078079 0.015055 0.017300 -0.071735 0.964702 -0.253385 10.574800 -0.034308 0.251503 0.967248 -1.117200 0.000000 0.000000 0.000000 1.000000
0.996846 0.075220 0.025289 0.017300 -0.066544 0.965941 -0.250061 10.574800 -0.043238 0.247589 0.967900 -1.117200 0.000000 0.000000 0.000000 1.000000
0.997082 0.068237 0.034233 0.017300 -0.057711 0.967263 -0.247128 10.574800 -0.049976 0.244431 0.968378 -1.117200 0.000000 0.000000 0.000000 1.000000
0.997465 0.059104 0.039632 0.017300 -0.047666 0.968453 -0.244596 10.574800 -0.052838 0.242087 0.968815 -1.117200 0.000000 0.000000 0.000000 1.000000
0.997878 0.050067 0.041619 0.017300 -0.038549 0.969503 -0.242030 10.574800 -0.052468 0.239912 0.969376 -1.117200 0.000000 0.000000 0.000000 1.000000
0.998147 0.043806 0.042229 0.017300 -0.032439 0.970286 -0.239777 10.574800 -0.051477 0.237963 0.969909 -1.117200 0.000000 0.000000 0.000000 1.000000
0.998287 0.040649 0.042088 0.017300 -0.029502 0.970841 -0.237900 10.574800 -0.050531 0.236251 0.970377 -1.117200 0.000000 0.000000 0.000000 1.000000
0.998349 0.039978 0.041249 0.017300 -0.029126 0.971230 -0.236356 10.574800 -0.049511 0.234764 0.970791 -1.117200 0.000000 0.000000 0.000000 1.000000
0.998378 0.041831 0.038611 0.017300 -0.031611 0.971456 -0.235104 10.574800 -0.047344 0.233502 0.971203 -1.117200 0.000000 0.000000 0.000000 1.000000
0.998332 0.045831 0.035121 0.017300 -0.036364 0.971527 -0.234121 10.574800 -0.044851 0.232453 0.971573 -1.117200 0.000000 0.000000 0.000000 1.000000
0.998190 0.051568 0.030927 0.017300 -0.042956 0.971441 -0.233359 10.574800 -0.042078 0.231608 0.971899 -1.117200 0.000000 0.000000 0.000000 1.000000
0.997940 0.058549 0.026232 0.017300 -0.050862 0.971202 -0.232763 10.574800 -0.039104 0.230950 0.972180 -1.117200 0.000000 0.000000 0.000000 1.000000
0.997618 0.065687 0.021047 0.017300 -0.059025 0.970859 -0.232268 10.574800 -0.035691 0.230473 0.972424 -1.117200 0.000000 0.000000 0.000000 1.000000
0.997221 0.072879 0.015474 0.017300 -0.067323 0.970419 -0.231850 10.574800 -0.031913 0.230164 0.972628 -1.117200 0.000000 0.000000 0.000000 1.000000
0.996744 0.080052 0.009664 0.017300 -0.075651 0.969890 -0.231496 10.574800 -0.027904 0.230012 0.972788 -1.117200 0.000000 0.000000 0.000000 1.000000
0.996189 0.087139 0.003707 0.017300 -0.083895 0.968983 -0.232452 10.574800 -0.023848 0.231255 0.972601 -1.117200 0.000000 0.000000 0.000000 1.000000
0.995540 0.094306 -0.002359 0.017300 -0.092229 0.967751 -0.234419 10.574800 -0.019824 0.233591 0.972133 -1.117200 0.000000 0.000000 0.000000 1.000000
0.994822 0.101296 -0.008304 0.017300 -0.100371 0.966299 -0.237047 10.574800 -0.015987 0.236653 0.971463 -1.117200 0.000000 0.000000 0.000000 1.000000
0.994073 0.107811 -0.013958 0.017300 -0.107998 0.964717 -0.240119 10.574800 -0.012421 0.240203 0.970643 -1.117200 0.000000 0.000000 0.000000 1.000000
0.993281 0.114100 -0.019320 0.017300 -0.115360 0.963039 -0.243409 10.574800 -0.009167 0.244002 0.969731 -1.117200 0.000000 0.000000 0.000000 1.000000
0.992672 0.118434 -0.023989 0.017300 -0.120682 0.961534 -0.246756 10.574800 -0.006158 0.247842 0.968781 -1.117200 0.000000 0.000000 0.000000 1.000000
0.992138 0.121977 -0.028013 0.017300 -0.125101 0.960151 -0.249921 10.574800 -0.003588 0.251461 0.967861 -1.117200 0.000000 0.000000 0.000000 1.000000
0.991915 0.123283 -0.030091 0.017300 -0.126881 0.959143 -0.252874 10.574800 -0.002313 0.254648 0.967031 -1.117200 0.000000 0.000000 0.000000 1.000000
0.991877 0.123684 -0.029715 0.017300 -0.127166 0.958424 -0.255446 10.574800 -0.003115 0.257150 0.966367 -1.117200 0.000000 0.000000 0.000000 1.000000
0.991929 0.123564 -0.028427 0.017300 -0.126710 0.958014 -0.257204 10.574800 -0.004547 0.258731 0.965939 -1.117200 0.000000 0.000000 0.000000 1.000000
0.992163 0.122113 -0.026473 0.017300 -0.124797 0.957984 -0.258248 10.574800 -0.006175 0.259528 0.965716 -1.117200 0.000000 0.000000 0.000000 1.000000
0.992664 0.118529 -0.023874 0.017300 -0.120656 0.958330 -0.258932 10.574800 -0.007812 0.259913 0.965600 -1.117200 0.000000 0.000000 0.000000 1.000000
0.993510 0.111867 -0.020582 0.017300 -0.113366 0.959104 -0.259360 10.574800 -0.009273 0.260010 0.965561 -1.117200 0.000000 0.000000 0.000000 1.000000
0.994505 0.103315 -0.016929 0.017300 -0.104159 0.960095 -0.259554 10.574800 -0.010563 0.259891 0.965580 -1.117200 0.000000 0.000000 0.000000 1.000000
0.995509 0.093752 -0.013143 0.017300 -0.093941 0.961109 -0.259700 10.574800 -0.011716 0.259769 0.965600 -1.117200 0.000000 0.000000 0.000000 1.000000
0.996417 0.084071 -0.009261 0.017300 -0.083585 0.962035 -0.259812 10.574800 -0.012934 0.259655 0.965615 -1.117200 0.000000 0.000000 0.000000 1.000000
0.997178 0.074869 -0.005530 0.017300 -0.073731 0.962822 -0.259878 10.574800 -0.014133 0.259553 0.965626 -1.117200 0.000000 0.000000 0.000000 1.000000</float_array><technique_common><accessor source="#Spine-Matrix-animation-output-transform-array" count="34" stride="16"><param type="float4x4"/></accessor></technique_common></source><source id="Spine-Interpolations"><Name_array id="Spine-Interpolations-array" count="34">
 LINEAR LINEAR LINEAR LINEAR LINEAR LINEAR LINEAR LINEAR LINEAR LINEAR LINEAR
LINEAR LINEAR LINEAR LINEAR LINEAR LINEAR LINEAR LINEAR LINEAR LINEAR LINEAR LINEAR
LINEAR LINEAR LINEAR LINEAR LINEAR LINEAR LINEAR LINEAR LINEAR LINEAR LINEAR</Name_array><technique_common><accessor source="#Spine-Interpolations-array" count="34"><param type="name"/></accessor></technique_common></source><sampler id="Spine-Matrix-animation-transform"><input semantic="INPUT" source="#Spine-Matrix-animation-input"/><input semantic="OUTPUT" source="#Spine-Matrix-animation-output-transform"/><input semantic="INTERPOLATION" source="#Spine-Interpolations"/></sampler><channel source="#Spine-Matrix-animation-transform" target="Spine/matrix"/></animation>
    <animation id="Spine1-anim" name="Spine1"><source id="Spine1-Matrix-animation-input"><float_array id="Spine1-Matrix-animation-input-array" count="34">

0.000000 0.033333 0.066667 0.100000 0.133333 0.166667 0.200000 0.233333 0.266667 0.300000 0.333333 0.366667 0.400000 0.433333 0.466667 0.500000
0.533333 0.566667 0.600000 0.633333 0.666667 0.700000 0.733333 0.766667 0.800000 0.833333 0.866667 0.900000 0.933333 0.966667 1.000000 1.033333
1.066667 1.100000</float_array><technique_common><accessor source="#Spine1-Matrix-animation-input-array" count="34"><param name="TIME" type="float"/></accessor></technique_common></source><source id="Spine1-Matrix-animation-output-transform"><float_array id="Spine1-Matrix-animation-output-transform-array" count="544">

0.998755 0.048873 0.009969 0.019000 -0.047600 0.993613 -0.102314 12.337300 -0.014906 0.101712 0.994702 -1.303400 0.000000 0.000000 0.000000 1.000000
0.998935 0.045381 0.008324 0.019000 -0.044318 0.993957 -0.100427 12.337300 -0.012831 0.099951 0.994910 -1.303400 0.000000 0.000000 0.000000 1.000000
0.999105 0.041794 0.006443 0.019000 -0.040957 0.994295 -0.098491 12.337300 -0.010523 0.098139 0.995117 -1.303400 0.000000 0.000000 0.000000 1.000000
0.999260 0.038224 0.004388 0.019000 -0.037622 0.994613 -0.096588 12.337300 -0.008057 0.096352 0.995315 -1.303400 0.000000 0.000000 0.000000 1.000000
0.999393 0.034768 0.002222 0.019000 -0.034401 0.994901 -0.094812 12.337300 -0.005507 0.094678 0.995493 -1.303400 0.000000 0.000000 0.000000 1.000000
0.999499 0.031664 -0.000007 0.019000 -0.031527 0.995146 -0.093222 12.337300 -0.002945 0.093176 0.995645 -1.303400 0.000000 0.000000 0.000000 1.000000
0.999572 0.029150 -0.002267 0.019000 -0.029235 0.995347 -0.091813 12.337300 -0.000420 0.091840 0.995774 -1.303400 0.000000 0.000000 0.000000 1.000000
0.999613 0.027444 -0.004510 0.019000 -0.027740 0.995497 -0.090642 12.337300 0.002002 0.090732 0.995873 -1.303400 0.000000 0.000000 0.000000 1.000000
0.999615 0.026929 -0.006720 0.019000 -0.027423 0.995594 -0.089674 12.337300 0.004276 0.089824 0.995949 -1.303400 0.000000 0.000000 0.000000 1.000000
0.999589 0.027308 -0.008764 0.019000 -0.027979 0.995655 -0.088812 12.337300 0.006300 0.089021 0.996010 -1.303400 0.000000 0.000000 0.000000 1.000000
0.999548 0.028157 -0.010501 0.019000 -0.028973 0.995700 -0.087994 12.337300 0.007978 0.088258 0.996066 -1.303400 0.000000 0.000000 0.000000 1.000000
0.999494 0.029512 -0.011857 0.019000 -0.030434 0.995732 -0.087134 12.337300 0.009235 0.087451 0.996126 -1.303400 0.000000 0.000000 0.000000 1.000000
0.999435 0.031125 -0.012715 0.019000 -0.032107 0.995762 -0.086186 12.337300 0.009979 0.086545 0.996198 -1.303400 0.000000 0.000000 0.000000 1.000000
0.999372 0.032961 -0.012995 0.019000 -0.033951 0.995788 -0.085167 12.337300 0.010133 0.085555 0.996282 -1.303400 0.000000 0.000000 0.000000 1.000000
0.999308 0.034972 -0.012700 0.019000 -0.035917 0.995819 -0.083990 12.337300 0.009710 0.084388 0.996386 -1.303400 0.000000 0.000000 0.000000 1.000000
0.999240 0.037119 -0.011915 0.019000 -0.037980 0.995849 -0.082718 12.337300 0.008795 0.083108 0.996502 -1.303400 0.000000 0.000000 0.000000 1.000000
0.999167 0.039381 -0.010736 0.019000 -0.040127 0.995859 -0.081575 12.337300 0.007479 0.081938 0.996609 -1.303400 0.000000 0.000000 0.000000 1.000000
0.999096 0.041491 -0.009216 0.019000 -0.042101 0.995843 -0.080768 12.337300 0.005826 0.081083 0.996690 -1.303400 0.000000 0.000000 0.000000 1.000000
0.999023 0.043562 -0.007469 0.019000 -0.044022 0.995787 -0.080432 12.337300 0.003934 0.080682 0.996732 -1.303400 0.000000 0.000000 0.000000 1.000000
0.998946 0.045568 -0.005582 0.019000 -0.045870 0.995682 -0.080707 12.337300 0.001880 0.080878 0.996722 -1.303400 0.000000 0.000000 0.000000 1.000000
0.998867 0.047459 -0.003648 0.019000 -0.047598 0.995538 -0.081479 12.337300 -0.000236 0.081561 0.996668 -1.303400 0.000000 0.000000 0.000000 1.000000
0.998788 0.049195 -0.001753 0.019000 -0.049172 0.995375 -0.082529 12.337300 -0.002316 0.082515 0.996587 -1.303400 0.000000 0.000000 0.000000 1.000000
0.998709 0.050789 0.000005 0.019000 -0.050611 0.995214 -0.083597 12.337300 -0.004251 0.083489 0.996500 -1.303400 0.000000 0.000000 0.000000 1.000000
0.998640 0.052109 0.001551 0.019000 -0.051792 0.995079 -0.084466 12.337300 -0.005945 0.084271 0.996425 -1.303400 0.000000 0.000000 0.000000 1.000000
0.998589 0.053030 0.002802 0.019000 -0.052601 0.994995 -0.084960 12.337300 -0.007294 0.084693 0.996380 -1.303400 0.000000 0.000000 0.000000 1.000000
0.998548 0.053740 0.003853 0.019000 -0.053217 0.994938 -0.085242 12.337300 -0.008414 0.084913 0.996353 -1.303400 0.000000 0.000000 0.000000 1.000000
0.998530 0.053969 0.004916 0.019000 -0.053353 0.994908 -0.085503 12.337300 -0.009505 0.085115 0.996326 -1.303400 0.000000 0.000000 0.000000 1.000000
0.998529 0.053900 0.005939 0.019000 -0.053190 0.994867 -0.086083 12.337300 -0.010548 0.085641 0.996270 -1.303400 0.000000 0.000000 0.000000 1.000000
0.998559 0.053214 0.006956 0.019000 -0.052407 0.994810 -0.087213 12.337300 -0.011561 0.086723 0.996165 -1.303400 0.000000 0.000000 0.000000 1.000000
0.998603 0.052245 0.007896 0.019000 -0.051335 0.994691 -0.089185 12.337300 -0.012513 0.088655 0.995984 -1.303400 0.000000 0.000000 0.000000 1.000000
0.998653 0.051147 0.008714 0.019000 -0.050131 0.994492 -0.092043 12.337300 -0.013374 0.091482 0.995717 -1.303400 0.000000 0.000000 0.000000 1.000000
0.998696 0.050192 0.009351 0.019000 -0.049073 0.994224 -0.095450 12.337300 -0.014087 0.094867 0.995390 -1.303400 0.000000 0.000000 0.000000 1.000000
0.998736 0.049302 0.009796 0.019000 -0.048094 0.993925 -0.098993 12.337300 -0.014617 0.098397 0.995040 -1.303400 0.000000 0.000000 0.000000 1.000000
0.998756 0.048869 0.009944 0.019000 -0.047599 0.993613 -0.102312 12.337300 -0.014880 0.101712 0.994703 -1.303400 0.000000 0.000000 0.000000 1.000000</float_array><technique_common><accessor source="#Spine1-Matrix-animation-output-transform-array" count="34" stride="16"><param type="float4x4"/></accessor></technique_common></source><source id="Spine1-Interpolations"><Name_array id="Spine1-Interpolations-array" count="34">
 LINEAR LINEAR LINEAR LINEAR LINEAR LINEAR LINEAR LINEAR LINEAR LINEAR LINEAR
LINEAR LINEAR LINEAR LINEAR LINEAR LINEAR LINEAR LINEAR LINEAR LINEAR LINEAR LINEAR
LINEAR LINEAR LINEAR LINEAR LINEAR LINEAR LINEAR LINEAR LINEAR LINEAR LINEAR</Name_array><technique_common><accessor source="#Spine1-Interpolations-array" count="34"><param type="name"/></accessor></technique_common></source><sampler id="Spine1-Matrix-animation-transform"><input semantic="INPUT" source="#Spine1-Matrix-animation-input"/><input semantic="OUTPUT" source="#Spine1-Matrix-animation-output-transform"/><input semantic="INTERPOLATION" source="#Spine1-Interpolations"/></sampler><channel source="#Spine1-Matrix-animation-transform" target="Spine1/matrix"/></animation>
    <animation id="Spine2-anim" name="Spine2"><source id="Spine2-Matrix-animation-input"><float_array id="Spine2-Matrix-animation-input-array" count="34">

0.000000 0.033333 0.066667 0.100000 0.133333 0.166667 0.200000 0.233333 0.266667 0.300000 0.333333 0.366667 0.400000 0.433333 0.466667 0.500000
0.533333 0.566667 0.600000 0.633333 0.666667 0.700000 0.733333 0.766667 0.800000 0.833333 0.866667 0.900000 0.933333 0.966667 1.000000 1.033333
1.066667 1.100000</float_array><technique_common><accessor source="#Spine2-Matrix-animation-input-array" count="34"><param name="TIME" type="float"/></accessor></technique_common></source><source id="Spine2-Matrix-animation-output-transform"><float_array id="Spine2-Matrix-animation-output-transform-array" count="544">

0.998694 0.049813 0.011325 0.021700 -0.048398 0.993582 -0.102240 14.099800 -0.016345 0.101559 0.994695 -1.489600 0.000000 0.000000 0.000000 1.000000
0.998885 0.046225 0.009608 0.021700 -0.045031 0.993937 -0.100310 14.099800 -0.014186 0.099766 0.994910 -1.489600 0.000000 0.000000 0.000000 1.000000
0.999066 0.042530 0.007652 0.021700 -0.041574 0.994286 -0.098324 14.099800 -0.011790 0.097914 0.995125 -1.489600 0.000000 0.000000 0.000000 1.000000
0.999229 0.038864 0.005514 0.021700 -0.038153 0.994613 -0.096376 14.099800 -0.009230 0.096092 0.995330 -1.489600 0.000000 0.000000 0.000000 1.000000
0.999370 0.035340 0.003259 0.021700 -0.034874 0.994908 -0.094562 14.099800 -0.006585 0.094389 0.995514 -1.489600 0.000000 0.000000 0.000000 1.000000
0.999480 0.032235 0.000920 0.021700 -0.032010 0.995157 -0.092945 14.099800 -0.003912 0.092867 0.995671 -1.489600 0.000000 0.000000 0.000000 1.000000
0.999556 0.029749 -0.001449 0.021700 -0.029757 0.995359 -0.091518 14.099800 -0.001280 0.091521 0.995802 -1.489600 0.000000 0.000000 0.000000 1.000000
0.999599 0.028076 -0.003800 0.021700 -0.028304 0.995509 -0.090341 14.099800 0.001247 0.090412 0.995904 -1.489600 0.000000 0.000000 0.000000 1.000000
0.999601 0.027578 -0.006098 0.021700 -0.028013 0.995605 -0.089369 14.099800 0.003606 0.089505 0.995980 -1.489600 0.000000 0.000000 0.000000 1.000000
0.999575 0.027959 -0.008218 0.021700 -0.028578 0.995665 -0.088511 14.099800 0.005708 0.088708 0.996041 -1.489600 0.000000 0.000000 0.000000 1.000000
0.999535 0.028792 -0.010011 0.021700 -0.029560 0.995709 -0.087696 14.099800 0.007443 0.087951 0.996097 -1.489600 0.000000 0.000000 0.000000 1.000000
0.999481 0.030125 -0.011408 0.021700 -0.031003 0.995739 -0.086843 14.099800 0.008744 0.087152 0.996157 -1.489600 0.000000 0.000000 0.000000 1.000000
0.999421 0.031712 -0.012290 0.021700 -0.032653 0.995769 -0.085899 14.099800 0.009514 0.086250 0.996228 -1.489600 0.000000 0.000000 0.000000 1.000000
0.999359 0.033520 -0.012579 0.021700 -0.034469 0.995795 -0.084879 14.099800 0.009681 0.085258 0.996312 -1.489600 0.000000 0.000000 0.000000 1.000000
0.999294 0.035495 -0.012322 0.021700 -0.036404 0.995826 -0.083695 14.099800 0.009299 0.084084 0.996415 -1.489600 0.000000 0.000000 0.000000 1.000000
0.999225 0.037601 -0.011604 0.021700 -0.038431 0.995857 -0.082410 14.099800 0.008457 0.082792 0.996531 -1.489600 0.000000 0.000000 0.000000 1.000000
0.999152 0.039815 -0.010512 0.021700 -0.040539 0.995869 -0.081252 14.099800 0.007233 0.081609 0.996638 -1.489600 0.000000 0.000000 0.000000 1.000000
0.999082 0.041869 -0.009093 0.021700 -0.042466 0.995855 -0.080437 14.099800 0.005687 0.080750 0.996718 -1.489600 0.000000 0.000000 0.000000 1.000000
0.999009 0.043880 -0.007446 0.021700 -0.044336 0.995800 -0.080106 14.099800 0.003899 0.080357 0.996759 -1.489600 0.000000 0.000000 0.000000 1.000000
0.998934 0.045822 -0.005659 0.021700 -0.046129 0.995694 -0.080407 14.099800 0.001950 0.080582 0.996746 -1.489600 0.000000 0.000000 0.000000 1.000000
0.998857 0.047655 -0.003805 0.021700 -0.047806 0.995549 -0.081220 14.099800 -0.000083 0.081309 0.996689 -1.489600 0.000000 0.000000 0.000000 1.000000
0.998780 0.049339 -0.001967 0.021700 -0.049333 0.995384 -0.082317 14.099800 -0.002104 0.082313 0.996604 -1.489600 0.000000 0.000000 0.000000 1.000000
0.998704 0.050891 -0.000237 0.021700 -0.050733 0.995222 -0.083427 14.099800 -0.004010 0.083331 0.996514 -1.489600 0.000000 0.000000 0.000000 1.000000
0.998637 0.052185 0.001315 0.021700 -0.051889 0.995086 -0.084325 14.099800 -0.005709 0.084142 0.996437 -1.489600 0.000000 0.000000 0.000000 1.000000
0.998586 0.053102 0.002615 0.021700 -0.052689 0.995001 -0.084835 14.099800 -0.007106 0.084577 0.996392 -1.489600 0.000000 0.000000 0.000000 1.000000
0.998543 0.053832 0.003773 0.021700 -0.053316 0.994943 -0.085128 14.099800 -0.008336 0.084803 0.996363 -1.489600 0.000000 0.000000 0.000000 1.000000
0.998523 0.054097 0.005015 0.021700 -0.053472 0.994911 -0.085396 14.099800 -0.009609 0.085002 0.996334 -1.489600 0.000000 0.000000 0.000000 1.000000
0.998517 0.054082 0.006260 0.021700 -0.053346 0.994867 -0.085985 14.099800 -0.010878 0.085524 0.996277 -1.489600 0.000000 0.000000 0.000000 1.000000
0.998540 0.053489 0.007517 0.021700 -0.052633 0.994806 -0.087126 14.099800 -0.012138 0.086603 0.996169 -1.489600 0.000000 0.000000 0.000000 1.000000
0.998576 0.052631 0.008699 0.021700 -0.051650 0.994682 -0.089109 14.099800 -0.013342 0.088533 0.995984 -1.489600 0.000000 0.000000 0.000000 1.000000
0.998618 0.051647 0.009743 0.021700 -0.050535 0.994478 -0.091973 14.099800 -0.014440 0.091354 0.995714 -1.489600 0.000000 0.000000 0.000000 1.000000
0.998650 0.050863 0.010552 0.021700 -0.049629 0.994203 -0.095385 14.099800 -0.015342 0.094733 0.995385 -1.489600 0.000000 0.000000 0.000000 1.000000
0.998680 0.050157 0.011108 0.021700 -0.048816 0.993897 -0.098927 14.099800 -0.016002 0.098254 0.995033 -1.489600 0.000000 0.000000 0.000000 1.000000
0.998694 0.049813 0.011325 0.021700 -0.048398 0.993582 -0.102240 14.099800 -0.016345 0.101558 0.994695 -1.489600 0.000000 0.000000 0.000000 1.000000</float_array><technique_common><accessor source="#Spine2-Matrix-animation-output-transform-array" count="34" stride="16"><param type="float4x4"/></accessor></technique_common></source><source id="Spine2-Interpolations"><Name_array id="Spine2-Interpolations-array" count="34">
 LINEAR LINEAR LINEAR LINEAR LINEAR LINEAR LINEAR LINEAR LINEAR LINEAR LINEAR
LINEAR LINEAR LINEAR LINEAR LINEAR LINEAR LINEAR LINEAR LINEAR LINEAR LINEAR LINEAR
LINEAR LINEAR LINEAR LINEAR LINEAR LINEAR LINEAR LINEAR LINEAR LINEAR LINEAR</Name_array><technique_common><accessor source="#Spine2-Interpolations-array" count="34"><param type="name"/></accessor></technique_common></source><sampler id="Spine2-Matrix-animation-transform"><input semantic="INPUT" source="#Spine2-Matrix-animation-input"/><input semantic="OUTPUT" source="#Spine2-Matrix-animation-output-transform"/><input semantic="INTERPOLATION" source="#Spine2-Interpolations"/></sampler><channel source="#Spine2-Matrix-animation-transform" target="Spine2/matrix"/></animation>
    <animation id="Neck-anim" name="Neck"><source id="Neck-Matrix-animation-input"><float_array id="Neck-Matrix-animation-input-array" count="34">

0.000000 0.033333 0.066667 0.100000 0.133333 0.166667 0.200000 0.233333 0.266667 0.300000 0.333333 0.366667 0.400000 0.433333 0.466667 0.500000
0.533333 0.566667 0.600000 0.633333 0.666667 0.700000 0.733333 0.766667 0.800000 0.833333 0.866667 0.900000 0.933333 0.966667 1.000000 1.033333
1.066667 1.100000</float_array><technique_common><accessor source="#Neck-Matrix-animation-input-array" count="34"><param name="TIME" type="float"/></accessor></technique_common></source><source id="Neck-Matrix-animation-output-transform"><float_array id="Neck-Matrix-animation-output-transform-array" count="544">

0.997549 -0.065326 0.025075 0.024400 0.063629 0.995959 0.063380 15.862300 -0.029114 -0.061629 0.997674 -1.675800 0.000000 0.000000 0.000000 1.000000
0.997937 -0.062124 0.016206 0.024400 0.060955 0.996042 0.064692 15.862300 -0.020160 -0.063571 0.997774 -1.675800 0.000000 0.000000 0.000000 1.000000
0.998184 -0.060025 -0.005119 0.024400 0.060232 0.996004 0.065946 15.862300 0.001140 -0.066135 0.997810 -1.675800 0.000000 0.000000 0.000000 1.000000
0.997693 -0.060040 -0.031692 0.024400 0.062056 0.995821 0.067009 15.862300 0.027536 -0.068821 0.997249 -1.675800 0.000000 0.000000 0.000000 1.000000
0.996041 -0.061551 -0.064145 0.024400 0.065831 0.995586 0.066896 15.862300 0.059745 -0.070854 0.995696 -1.675800 0.000000 0.000000 0.000000 1.000000
0.992824 -0.064915 -0.100430 0.024400 0.071643 0.995316 0.064904 15.862300 0.095747 -0.071633 0.992825 -1.675800 0.000000 0.000000 0.000000 1.000000
0.987765 -0.069284 -0.139716 0.024400 0.078401 0.995064 0.060835 15.862300 0.134812 -0.071044 0.988321 -1.675800 0.000000 0.000000 0.000000 1.000000
0.980366 -0.073101 -0.183134 0.024400 0.084365 0.994945 0.054478 15.862300 0.178226 -0.068859 0.981577 -1.675800 0.000000 0.000000 0.000000 1.000000
0.971408 -0.076975 -0.224592 0.024400 0.089577 0.994896 0.046454 15.862300 0.219870 -0.065245 0.973345 -1.675800 0.000000 0.000000 0.000000 1.000000
0.961936 -0.080558 -0.261133 0.024400 0.093527 0.994906 0.037605 15.862300 0.256773 -0.060596 0.964570 -1.675800 0.000000 0.000000 0.000000 1.000000
0.953291 -0.082783 -0.290487 0.024400 0.095268 0.995027 0.029079 15.862300 0.286635 -0.055395 0.956437 -1.675800 0.000000 0.000000 0.000000 1.000000
0.946756 -0.082732 -0.311141 0.024400 0.093942 0.995352 0.021188 15.862300 0.307942 -0.049289 0.950128 -1.675800 0.000000 0.000000 0.000000 1.000000
0.943176 -0.078247 -0.322950 0.024400 0.087950 0.996004 0.015538 15.862300 0.320444 -0.043058 0.946288 -1.675800 0.000000 0.000000 0.000000 1.000000
0.943209 -0.070291 -0.324680 0.024400 0.078841 0.996799 0.013235 15.862300 0.322710 -0.038081 0.945731 -1.675800 0.000000 0.000000 0.000000 1.000000
0.948103 -0.056892 -0.312832 0.024400 0.065165 0.997745 0.016046 15.862300 0.311213 -0.035599 0.949673 -1.675800 0.000000 0.000000 0.000000 1.000000
0.955106 -0.041896 -0.293286 0.024400 0.050408 0.998497 0.021523 15.862300 0.291943 -0.035340 0.955783 -1.675800 0.000000 0.000000 0.000000 1.000000
0.960856 -0.026713 -0.275759 0.024400 0.035742 0.998975 0.027768 15.862300 0.274735 -0.036537 0.960826 -1.675800 0.000000 0.000000 0.000000 1.000000
0.965736 -0.013901 -0.259154 0.024400 0.023560 0.999137 0.034202 15.862300 0.258455 -0.039136 0.965230 -1.675800 0.000000 0.000000 0.000000 1.000000
0.970388 -0.003343 -0.241527 0.024400 0.013746 0.999048 0.041399 15.862300 0.241159 -0.043493 0.969511 -1.675800 0.000000 0.000000 0.000000 1.000000
0.975073 0.000367 -0.221883 0.024400 0.010153 0.998878 0.046267 15.862300 0.221651 -0.047366 0.973975 -1.675800 0.000000 0.000000 0.000000 1.000000
0.978873 -0.004100 -0.204429 0.024400 0.014014 0.998793 0.047072 15.862300 0.203989 -0.048942 0.977749 -1.675800 0.000000 0.000000 0.000000 1.000000
0.982683 -0.013252 -0.184821 0.024400 0.022047 0.998716 0.045613 15.862300 0.183979 -0.048898 0.981713 -1.675800 0.000000 0.000000 0.000000 1.000000
0.985778 -0.020745 -0.166767 0.024400 0.028631 0.998576 0.045023 15.862300 0.165596 -0.049158 0.984968 -1.675800 0.000000 0.000000 0.000000 1.000000
0.988080 -0.026131 -0.151705 0.024400 0.033361 0.998416 0.045304 15.862300 0.150281 -0.049825 0.987387 -1.675800 0.000000 0.000000 0.000000 1.000000
0.989968 -0.030064 -0.138053 0.024400 0.036770 0.998251 0.046283 15.862300 0.136420 -0.050895 0.989343 -1.675800 0.000000 0.000000 0.000000 1.000000
0.992136 -0.034300 -0.120372 0.024400 0.040273 0.998057 0.047545 15.862300 0.118507 -0.052019 0.991590 -1.675800 0.000000 0.000000 0.000000 1.000000
0.994109 -0.038563 -0.101296 0.024400 0.043711 0.997837 0.049108 15.862300 0.099183 -0.053246 0.993644 -1.675800 0.000000 0.000000 0.000000 1.000000
0.995827 -0.043462 -0.080246 0.024400 0.047631 0.997573 0.050792 15.862300 0.077844 -0.054402 0.995480 -1.675800 0.000000 0.000000 0.000000 1.000000
0.997031 -0.048202 -0.060046 0.024400 0.051391 0.997285 0.052735 15.862300 0.057342 -0.055664 0.996802 -1.675800 0.000000 0.000000 0.000000 1.000000
0.997761 -0.052332 -0.041637 0.024400 0.054573 0.997014 0.054633 15.862300 0.038653 -0.056783 0.997638 -1.675800 0.000000 0.000000 0.000000 1.000000
0.998175 -0.056580 -0.021120 0.024400 0.057705 0.996700 0.057093 15.862300 0.017820 -0.058207 0.998145 -1.675800 0.000000 0.000000 0.000000 1.000000
0.998163 -0.060565 -0.001855 0.024400 0.060567 0.996385 0.059576 15.862300 -0.001760 -0.059579 0.998222 -1.675800 0.000000 0.000000 0.000000 1.000000
0.997872 -0.063580 0.014425 0.024400 0.062574 0.996120 0.061878 15.862300 -0.018303 -0.060843 0.997980 -1.675800 0.000000 0.000000 0.000000 1.000000
0.997547 -0.065319 0.025176 0.024400 0.063617 0.995963 0.063329 15.862300 -0.029211 -0.061572 0.997675 -1.675800 0.000000 0.000000 0.000000 1.000000</float_array><technique_common><accessor source="#Neck-Matrix-animation-output-transform-array" count="34" stride="16"><param type="float4x4"/></accessor></technique_common></source><source id="Neck-Interpolations"><Name_array id="Neck-Interpolations-array" count="34">
 LINEAR LINEAR LINEAR LINEAR LINEAR LINEAR LINEAR LINEAR LINEAR LINEAR LINEAR
LINEAR LINEAR LINEAR LINEAR LINEAR LINEAR LINEAR LINEAR LINEAR LINEAR LINEAR LINEAR
LINEAR LINEAR LINEAR LINEAR LINEAR LINEAR LINEAR LINEAR LINEAR LINEAR LINEAR</Name_array><technique_common><accessor source="#Neck-Interpolations-array" count="34"><param type="name"/></accessor></technique_common></source><sampler id="Neck-Matrix-animation-transform"><input semantic="INPUT" source="#Neck-Matrix-animation-input"/><input semantic="OUTPUT" source="#Neck-Matrix-animation-output-transform"/><input semantic="INTERPOLATION" source="#Neck-Interpolations"/></sampler><channel source="#Neck-Matrix-animation-transform" target="Neck/matrix"/></animation>
    <animation id="Head-anim" name="Head"><source id="Head-Matrix-animation-input"><float_array id="Head-Matrix-animation-input-array" count="34">

0.000000 0.033333 0.066667 0.100000 0.133333 0.166667 0.200000 0.233333 0.266667 0.300000 0.333333 0.366667 0.400000 0.433333 0.466667 0.500000
0.533333 0.566667 0.600000 0.633333 0.666667 0.700000 0.733333 0.766667 0.800000 0.833333 0.866667 0.900000 0.933333 0.966667 1.000000 1.033333
1.066667 1.100000</float_array><technique_common><accessor source="#Head-Matrix-animation-input-array" count="34"><param name="TIME" type="float"/></accessor></technique_common></source><source id="Head-Matrix-animation-output-transform"><float_array id="Head-Matrix-animation-output-transform-array" count="544">

0.575404 -0.024229 0.817511 -0.000000 -0.239910 0.950590 0.197033 5.564000 -0.781891 -0.309502 0.541160 0.988100 0.000000 0.000000 0.000000 1.000000
0.587831 -0.040315 0.807979 0.000000 -0.233179 0.947926 0.216943 5.564000 -0.774650 -0.315930 0.547819 0.988100 0.000000 0.000000 0.000000 1.000000
0.612692 -0.057802 0.788205 0.000000 -0.222886 0.944202 0.242498 5.564000 -0.758241 -0.324257 0.565622 0.988100 0.000000 0.000000 0.000000 1.000000
0.642053 -0.075318 0.762951 0.000000 -0.209343 0.940120 0.268979 5.564000 -0.737525 -0.332418 0.587840 0.988100 0.000000 0.000000 0.000000 1.000000
0.675584 -0.092352 0.731476 0.000000 -0.193006 0.935373 0.296353 5.564000 -0.711572 -0.341391 0.614099 0.988100 0.000000 0.000000 0.000000 1.000000
0.710666 -0.107620 0.695249 0.000000 -0.173416 0.930941 0.321365 5.564000 -0.681821 -0.348950 0.642926 0.988100 0.000000 0.000000 0.000000 1.000000
0.745811 -0.120056 0.655250 0.000000 -0.150416 0.927874 0.341211 5.564000 -0.648954 -0.353040 0.673960 0.988100 0.000000 0.000000 0.000000 1.000000
0.778468 -0.130440 0.613982 0.000000 -0.125090 0.926308 0.355396 5.564000 -0.615094 -0.353467 0.704784 0.988100 0.000000 0.000000 0.000000 1.000000
0.806289 -0.140182 0.574672 0.000000 -0.100520 0.924912 0.366652 5.564000 -0.582919 -0.353394 0.731655 0.988100 0.000000 0.000000 0.000000 1.000000
0.830690 -0.149499 0.536288 0.000000 -0.076955 0.923192 0.376555 5.564000 -0.551392 -0.354070 0.755382 0.988100 0.000000 0.000000 0.000000 1.000000
0.851100 -0.158361 0.500551 0.000000 -0.053581 0.922243 0.382879 5.564000 -0.522263 -0.352688 0.776436 0.988100 0.000000 0.000000 0.000000 1.000000
0.865903 -0.167474 0.471344 -0.000000 -0.033062 0.921065 0.388003 5.564000 -0.499118 -0.351556 0.792016 0.988100 0.000000 0.000000 0.000000 1.000000
0.875412 -0.177988 0.449415 -0.000000 -0.015403 0.918996 0.393966 5.564000 -0.483131 -0.351806 0.801759 0.988100 0.000000 0.000000 0.000000 1.000000
0.878979 -0.188185 0.438157 0.000000 -0.003214 0.916480 0.400067 5.564000 -0.476849 -0.353059 0.804962 0.988100 0.000000 0.000000 0.000000 1.000000
0.875446 -0.197308 0.441206 -0.000000 0.002027 0.914366 0.404885 5.564000 -0.483311 -0.353561 0.800878 0.988100 0.000000 0.000000 0.000000 1.000000
0.867294 -0.202903 0.454567 0.000000 -0.001011 0.912439 0.409211 5.564000 -0.497795 -0.355366 0.791148 0.988100 0.000000 0.000000 0.000000 1.000000
0.858791 -0.204332 0.469816 0.000000 -0.008079 0.911509 0.411200 5.564000 -0.512263 -0.356930 0.781145 0.988100 0.000000 0.000000 0.000000 1.000000
0.850773 -0.205006 0.483898 0.000000 -0.015156 0.910822 0.412522 5.564000 -0.525314 -0.358296 0.771796 0.988100 0.000000 0.000000 0.000000 1.000000
0.843722 -0.208672 0.494560 -0.000000 -0.017743 0.909999 0.414230 5.564000 -0.536487 -0.358269 0.764084 0.988100 0.000000 0.000000 0.000000 1.000000
0.833339 -0.208431 0.511959 0.000000 -0.028342 0.908855 0.416149 5.564000 -0.552035 -0.361303 0.751477 0.988100 0.000000 0.000000 0.000000 1.000000
0.822539 -0.201261 0.531906 -0.000000 -0.047747 0.907546 0.417230 5.564000 -0.566701 -0.368585 0.736882 0.988100 0.000000 0.000000 0.000000 1.000000
0.809781 -0.196459 0.552863 0.000000 -0.064684 0.906640 0.416917 5.564000 -0.583155 -0.373373 0.721472 0.988100 0.000000 0.000000 0.000000 1.000000
0.794517 -0.192313 0.575985 -0.000000 -0.080823 0.906597 0.414186 5.564000 -0.601840 -0.375631 0.704763 0.988100 0.000000 0.000000 0.000000 1.000000
0.775388 -0.191693 0.601687 0.000000 -0.092648 0.907969 0.408667 5.564000 -0.624651 -0.372621 0.686268 0.988100 0.000000 0.000000 0.000000 1.000000
0.756960 -0.180288 0.628098 0.000000 -0.111244 0.911603 0.395732 5.564000 -0.643922 -0.369426 0.669991 0.988100 0.000000 0.000000 0.000000 1.000000
0.740645 -0.164611 0.651421 0.000000 -0.128600 0.916871 0.377903 5.564000 -0.659475 -0.363664 0.657906 0.988100 0.000000 0.000000 0.000000 1.000000
0.723793 -0.149697 0.673583 0.000000 -0.143730 0.922063 0.359363 5.564000 -0.674881 -0.356918 0.645867 0.988100 0.000000 0.000000 0.000000 1.000000
0.706901 -0.134741 0.694360 -0.000000 -0.157186 0.927214 0.339952 5.564000 -0.689626 -0.349456 0.634269 0.988100 0.000000 0.000000 0.000000 1.000000
0.688311 -0.119348 0.715530 0.000000 -0.170301 0.932221 0.319314 5.564000 -0.705142 -0.341642 0.621333 0.988100 0.000000 0.000000 0.000000 1.000000
0.667627 -0.103051 0.737330 0.000000 -0.184022 0.936801 0.297556 5.564000 -0.721395 -0.334342 0.606470 0.988100 0.000000 0.000000 0.000000 1.000000
