<?xml version="1.0" encoding="utf-8"?>
<COLLADA xmlns="http://www.collada.org/2005/11/COLLADASchema" version="1.4.1">
  <asset><contributor><author>Mixamo</author><authoring_tool>COLLADA Mixamo exporter</authoring_tool><comments></comments></contributor><created>2018-10-13T10:15:31Z</created><modified>2018-10-13T10:15:31Z</modified><revision></revision><title></title><unit meter="0.010000"/><up_axis>Y_UP</up_axis></asset>
  <library_animations>
    <animation id="Hips-anim" name="Hips"><source id="Hips-Matrix-animation-input"><float_array id="Hips-Matrix-animation-input-array" count="39">

0.000000 0.033333 0.066667 0.100000 0.133333 0.166667 0.200000 0.233333 0.266667 0.300000 0.333333 0.366667 0.400000 0.433333 0.466667 0.500000
0.533333 0.566667 0.600000 0.633333 0.666667 0.700000 0.733333 0.766667 0.800000 0.833333 0.866667 0.900000 0.933333 0.966667 1.000000 1.033333
1.066667 1.100000 1.133333 1.166667 1.200000 1.233333 1.266667</float_array><technique_common><accessor source="#Hips-Matrix-animation-input-array" count="39"><param name="TIME" type="float"/></accessor></technique_common></source><source id="Hips-Matrix-animation-output-transform"><float_array id="Hips-Matrix-animation-output-transform-array" count="624">

0.467817 -0.083850 -0.879839 0.854653 0.030346 0.996426 -0.078825 85.738464 0.883304 0.010176 0.468689 -0.472943 0.000000 0.000000 0.000000 1.000000
0.524182 -0.115670 -0.843714 -0.356529 0.049422 0.993195 -0.105458 85.589592 0.850171 0.013581 0.526332 -1.948304 0.000000 0.000000 0.000000 1.000000
0.577197 -0.147528 -0.803168 -1.732400 0.071642 0.988902 -0.130158 85.603157 0.813456 0.017586 0.581360 -3.399268 0.000000 0.000000 0.000000 1.000000
0.627438 -0.178427 -0.757948 -3.214507 0.094057 0.983632 -0.153693 85.781967 0.772965 0.025143 0.633950 -4.939585 0.000000 0.000000 0.000000 1.000000
0.674180 -0.200991 -0.710693 -4.713152 0.109020 0.978800 -0.173395 86.063652 0.730477 0.039420 0.681799 -6.702464 0.000000 0.000000 0.000000 1.000000
0.716825 -0.210769 -0.664633 -6.149609 0.113588 0.975784 -0.186933 86.436859 0.687938 0.058504 0.723407 -8.826635 0.000000 0.000000 0.000000 1.000000
0.756487 -0.214730 -0.617753 -7.501801 0.114406 0.973448 -0.198269 86.875397 0.643925 0.079313 0.760967 -11.264091 0.000000 0.000000 0.000000 1.000000
0.792892 -0.213621 -0.570691 -8.725904 0.112260 0.971716 -0.207763 87.262581 0.598932 0.100668 0.794447 -13.881226 0.000000 0.000000 0.000000 1.000000
0.825820 -0.208295 -0.524056 -9.769013 0.107974 0.970496 -0.215592 87.559143 0.553501 0.121455 0.823945 -16.507530 0.000000 0.000000 0.000000 1.000000
0.855105 -0.199763 -0.478425 -10.574652 0.102460 0.969703 -0.221762 87.730545 0.508229 0.140610 0.849666 -19.004801 0.000000 0.000000 0.000000 1.000000
0.879903 -0.187560 -0.436569 -11.104603 0.095447 0.969837 -0.224292 87.817734 0.465469 0.155686 0.871264 -21.294743 0.000000 0.000000 0.000000 1.000000
0.901183 -0.171567 -0.398036 -11.322349 0.087488 0.971424 -0.220638 87.814407 0.424516 0.164012 0.890441 -22.946318 0.000000 0.000000 0.000000 1.000000
0.921858 -0.156010 -0.354738 -11.217783 0.082086 0.973225 -0.214697 87.673546 0.378735 0.168801 0.909981 -23.582352 0.000000 0.000000 0.000000 1.000000
0.939786 -0.139865 -0.311833 -10.673110 0.076040 0.975126 -0.208202 87.446487 0.333197 0.171954 0.927045 -23.660900 0.000000 0.000000 0.000000 1.000000
0.953066 -0.127871 -0.274434 -9.647724 0.072678 0.976556 -0.202622 87.107269 0.293910 0.173167 0.940016 -23.556631 0.000000 0.000000 0.000000 1.000000
0.964338 -0.116771 -0.237522 -8.215947 0.069854 0.977882 -0.197145 86.710663 0.255289 0.173523 0.951166 -23.284286 0.000000 0.000000 0.000000 1.000000
0.973746 -0.106541 -0.201166 -6.493707 0.067464 0.979078 -0.191974 86.307030 0.217411 0.173363 0.960561 -22.854750 0.000000 0.000000 0.000000 1.000000
0.981447 -0.097010 -0.165380 -4.603055 0.065276 0.980087 -0.187533 85.918571 0.180279 0.173258 0.968236 -22.288881 0.000000 0.000000 0.000000 1.000000
0.987574 -0.087904 -0.130272 -2.653514 0.063077 0.980949 -0.183738 85.660538 0.143941 0.173238 0.974305 -21.606201 0.000000 0.000000 0.000000 1.000000
0.992208 -0.079634 -0.095819 -0.784338 0.061362 0.981669 -0.180449 85.801270 0.108432 0.173163 0.978906 -20.834429 0.000000 0.000000 0.000000 1.000000
0.995439 -0.072483 -0.062020 0.887754 0.060461 0.982254 -0.177543 86.096504 0.073789 0.172984 0.982157 -19.884279 0.000000 0.000000 0.000000 1.000000
0.997323 -0.066749 -0.029872 2.459002 0.060587 0.982948 -0.173614 86.451027 0.040952 0.171339 0.984361 -18.824459 0.000000 0.000000 0.000000 1.000000
0.998096 -0.061659 0.001690 3.959612 0.061058 0.983730 -0.168960 86.771698 0.008755 0.168741 0.985621 -17.713543 0.000000 0.000000 0.000000 1.000000
0.997765 -0.058013 0.033158 5.310812 0.062689 0.984467 -0.163997 86.999237 -0.023129 0.165709 0.985903 -16.559582 0.000000 0.000000 0.000000 1.000000
0.996531 -0.052806 0.064317 6.602714 0.062460 0.985339 -0.158765 87.352135 -0.054990 0.162231 0.985219 -15.328625 0.000000 0.000000 0.000000 1.000000
0.994380 -0.046442 0.095134 7.772651 0.060732 0.986311 -0.153304 87.767960 -0.086712 0.158220 0.983589 -14.085309 0.000000 0.000000 0.000000 1.000000
0.991226 -0.040759 0.125737 8.718570 0.059325 0.987259 -0.147650 88.112190 -0.118117 0.153814 0.981015 -12.846789 0.000000 0.000000 0.000000 1.000000
0.987110 -0.035361 0.156085 9.416161 0.057829 0.988199 -0.141842 88.372940 -0.149228 0.149039 0.977506 -11.604228 0.000000 0.000000 0.000000 1.000000
0.982074 -0.029751 0.186134 9.855096 0.055726 0.989152 -0.135918 88.551353 -0.180071 0.143854 0.973078 -10.353855 0.000000 0.000000 0.000000 1.000000
0.976106 -0.024648 0.215891 9.952616 0.053735 0.990068 -0.129917 88.562851 -0.210545 0.138414 0.967736 -9.108614 0.000000 0.000000 0.000000 1.000000
0.969221 -0.020217 0.245360 9.606919 0.052029 0.990932 -0.123878 88.386902 -0.240630 0.132831 0.961485 -7.887041 0.000000 0.000000 0.000000 1.000000
0.961447 -0.016037 0.274521 8.855316 0.050189 0.991764 -0.117837 88.133942 -0.270370 0.127072 0.954334 -6.703808 0.000000 0.000000 0.000000 1.000000
0.952797 -0.011995 0.303371 7.792779 0.048103 0.992562 -0.111832 87.825951 -0.299773 0.121146 0.946287 -5.576509 0.000000 0.000000 0.000000 1.000000
0.943278 -0.008009 0.331908 6.508905 0.045696 0.993327 -0.105897 87.485031 -0.328845 0.115057 0.937349 -4.527249 0.000000 0.000000 0.000000 1.000000
0.932885 -0.004066 0.360151 5.087047 0.042965 0.994053 -0.100068 87.129547 -0.357603 0.108825 0.927511 -3.582321 0.000000 0.000000 0.000000 1.000000
0.921610 -0.000221 0.388117 3.601547 0.039984 0.994733 -0.094379 86.769775 -0.386052 0.102499 0.916765 -2.749988 0.000000 0.000000 0.000000 1.000000
0.909455 0.003397 0.415789 2.123667 0.036910 0.995359 -0.088867 86.406792 -0.414161 0.096167 0.905109 -2.016644 0.000000 0.000000 0.000000 1.000000
0.896430 0.006878 0.443133 0.737053 0.033668 0.995933 -0.083566 86.059128 -0.441905 0.089831 0.892553 -1.378907 0.000000 0.000000 0.000000 1.000000
0.882522 0.010181 0.470161 -0.474137 0.030331 0.996452 -0.078511 85.738693 -0.469292 0.083548 0.879082 -0.853096 0.000000 0.000000 0.000000 1.000000</float_array><technique_common><accessor source="#Hips-Matrix-animation-output-transform-array" count="39" stride="16"><param type="float4x4"/></accessor></technique_common></source><source id="Hips-Interpolations"><Name_array id="Hips-Interpolations-array" count="39">
 LINEAR LINEAR LINEAR LINEAR LINEAR LINEAR LINEAR LINEAR LINEAR LINEAR LINEAR
LINEAR LINEAR LINEAR LINEAR LINEAR LINEAR LINEAR LINEAR LINEAR LINEAR LINEAR LINEAR
LINEAR LINEAR LINEAR LINEAR LINEAR LINEAR LINEAR LINEAR LINEAR LINEAR LINEAR LINEAR
LINEAR LINEAR LINEAR LINEAR</Name_array><technique_common><accessor source="#Hips-Interpolations-array" count="39"><param type="name"/></accessor></technique_common></source><sampler id="Hips-Matrix-animation-transform"><input semantic="INPUT" source="#Hips-Matrix-animation-input"/><input semantic="OUTPUT" source="#Hips-Matrix-animation-output-transform"/><input semantic="INTERPOLATION" source="#Hips-Interpolations"/></sampler><channel source="#Hips-Matrix-animation-transform" target="Hips/matrix"/></animation>
    <animation id="Spine-anim" name="Spine"><source id="Spine-Matrix-animation-input"><float_array id="Spine-Matrix-animation-input-array" count="39">

0.000000 0.033333 0.066667 0.100000 0.133333 0.166667 0.200000 0.233333 0.266667 0.300000 0.333333 0.366667 0.400000 0.433333 0.466667 0.500000
0.533333 0.566667 0.600000 0.633333 0.666667 0.700000 0.733333 0.766667 0.800000 0.833333 0.866667 0.900000 0.933333 0.966667 1.000000 1.033333
1.066667 1.100000 1.133333 1.166667 1.200000 1.233333 1.266667</float_array><technique_common><accessor source="#Spine-Matrix-animation-input-array" count="39"><param name="TIME" type="float"/></accessor></technique_common></source><source id="Spine-Matrix-animation-output-transform"><float_array id="Spine-Matrix-animation-output-transform-array" count="624">

0.997178 0.074866 -0.005623 0.017300 -0.073751 0.962805 -0.259936 10.574800 -0.014046 0.259617 0.965609 -1.117200 0.000000 0.000000 0.000000 1.000000
0.996342 0.085301 -0.005202 0.017300 -0.083734 0.962245 -0.258983 10.574800 -0.017086 0.258472 0.965868 -1.117200 0.000000 0.000000 0.000000 1.000000
0.995364 0.096140 -0.002658 0.017300 -0.093603 0.962008 -0.256473 10.574800 -0.022101 0.255533 0.966548 -1.117200 0.000000 0.000000 0.000000 1.000000
0.994239 0.107178 0.001110 0.017300 -0.103419 0.961988 -0.252754 10.574800 -0.028157 0.251183 0.967530 -1.117200 0.000000 0.000000 0.000000 1.000000
0.992934 0.118557 0.005043 0.017300 -0.113608 0.962044 -0.248120 10.574800 -0.034267 0.245794 0.968716 -1.117200 0.000000 0.000000 0.000000 1.000000
0.991430 0.130396 0.008001 0.017300 -0.124569 0.962031 -0.242856 10.574800 -0.039365 0.239778 0.970029 -1.117200 0.000000 0.000000 0.000000 1.000000
0.989784 0.142262 0.009452 0.017300 -0.135987 0.961888 -0.237231 10.574800 -0.042840 0.233522 0.971407 -1.117200 0.000000 0.000000 0.000000 1.000000
0.988082 0.153624 0.009714 0.017300 -0.147231 0.961609 -0.231585 10.574800 -0.044918 0.227395 0.972766 -1.117200 0.000000 0.000000 0.000000 1.000000
0.986421 0.163977 0.009201 0.017300 -0.157675 0.961214 -0.226289 10.574800 -0.045951 0.221765 0.974017 -1.117200 0.000000 0.000000 0.000000 1.000000
0.985189 0.171264 0.008466 0.017300 -0.165158 0.961026 -0.221702 10.574800 -0.046106 0.217020 0.975078 -1.117200 0.000000 0.000000 0.000000 1.000000
0.984261 0.176567 0.007373 0.017300 -0.170715 0.960766 -0.218598 10.574800 -0.045681 0.213899 0.975787 -1.117200 0.000000 0.000000 0.000000 1.000000
0.983516 0.180741 0.005442 0.017300 -0.175242 0.960146 -0.217737 10.574800 -0.044579 0.213194 0.975992 -1.117200 0.000000 0.000000 0.000000 1.000000
0.983519 0.180797 0.001495 0.017300 -0.176103 0.959788 -0.218619 10.574800 -0.040960 0.214752 0.975809 -1.117200 0.000000 0.000000 0.000000 1.000000
0.984174 0.177171 -0.003550 0.017300 -0.173614 0.960014 -0.219617 10.574800 -0.035502 0.216758 0.975580 -1.117200 0.000000 0.000000 0.000000 1.000000
0.985091 0.171796 -0.009046 0.017300 -0.169535 0.960510 -0.220634 10.574800 -0.029216 0.218878 0.975315 -1.117200 0.000000 0.000000 0.000000 1.000000
0.986016 0.166014 -0.014529 0.017300 -0.165075 0.961033 -0.221734 10.574800 -0.022848 0.221032 0.974999 -1.117200 0.000000 0.000000 0.000000 1.000000
0.986934 0.159953 -0.019375 0.017300 -0.160219 0.961569 -0.222967 10.574800 -0.017034 0.223158 0.974633 -1.117200 0.000000 0.000000 0.000000 1.000000
0.987868 0.153636 -0.022644 0.017300 -0.154776 0.962120 -0.224431 10.574800 -0.012694 0.225213 0.974227 -1.117200 0.000000 0.000000 0.000000 1.000000
0.988867 0.147123 -0.022283 0.017300 -0.148327 0.962664 -0.226446 10.574800 -0.011864 0.227230 0.973769 -1.117200 0.000000 0.000000 0.000000 1.000000
0.989858 0.141299 -0.014658 0.017300 -0.140872 0.963061 -0.229496 10.574800 -0.018311 0.229234 0.973199 -1.117200 0.000000 0.000000 0.000000 1.000000
0.990691 0.136122 -0.001205 0.017300 -0.132646 0.963332 -0.233230 10.574800 -0.030587 0.231219 0.972421 -1.117200 0.000000 0.000000 0.000000 1.000000
0.991266 0.131055 0.014705 0.017300 -0.123875 0.963564 -0.237064 10.574800 -0.045238 0.233172 0.971383 -1.117200 0.000000 0.000000 0.000000 1.000000
0.991541 0.126445 0.029290 0.017300 -0.115792 0.963713 -0.240518 10.574800 -0.058640 0.235092 0.970203 -1.117200 0.000000 0.000000 0.000000 1.000000
0.991733 0.122722 0.037475 0.017300 -0.110067 0.963720 -0.243163 10.574800 -0.065957 0.237028 0.969261 -1.117200 0.000000 0.000000 0.000000 1.000000
0.992370 0.116984 0.038935 0.017300 -0.104026 0.963953 -0.244894 10.574800 -0.066181 0.238975 0.968768 -1.117200 0.000000 0.000000 0.000000 1.000000
0.993150 0.110217 0.038790 0.017300 -0.097389 0.964272 -0.246365 10.574800 -0.064558 0.240900 0.968401 -1.117200 0.000000 0.000000 0.000000 1.000000
0.993804 0.104402 0.038124 0.017300 -0.091810 0.964443 -0.247830 10.574800 -0.062642 0.242794 0.968053 -1.117200 0.000000 0.000000 0.000000 1.000000
0.994373 0.099251 0.037026 0.017300 -0.086988 0.964516 -0.249284 10.574800 -0.060454 0.244660 0.967722 -1.117200 0.000000 0.000000 0.000000 1.000000
0.994901 0.094348 0.035631 0.017300 -0.082490 0.964542 -0.250706 10.574800 -0.058021 0.246488 0.967407 -1.117200 0.000000 0.000000 0.000000 1.000000
0.995337 0.090367 0.033722 0.017300 -0.079023 0.964467 -0.252108 10.574800 -0.055306 0.248268 0.967111 -1.117200 0.000000 0.000000 0.000000 1.000000
0.995683 0.087409 0.031235 0.017300 -0.076701 0.964291 -0.253495 10.574800 -0.052278 0.250005 0.966832 -1.117200 0.000000 0.000000 0.000000 1.000000
0.995979 0.085006 0.028269 0.017300 -0.075050 0.964067 -0.254839 10.574800 -0.048916 0.251693 0.966570 -1.117200 0.000000 0.000000 0.000000 1.000000
0.996252 0.082953 0.024511 0.017300 -0.073951 0.963816 -0.256106 10.574800 -0.044869 0.253334 0.966338 -1.117200 0.000000 0.000000 0.000000 1.000000
0.996530 0.081015 0.019071 0.017300 -0.073413 0.963563 -0.257211 10.574800 -0.039214 0.254918 0.966167 -1.117200 0.000000 0.000000 0.000000 1.000000
0.996780 0.079188 0.012608 0.017300 -0.073265 0.963322 -0.258155 10.574800 -0.032588 0.256400 0.966021 -1.117200 0.000000 0.000000 0.000000 1.000000
0.996970 0.077558 0.006004 0.017300 -0.073364 0.963110 -0.258913 10.574800 -0.025863 0.257688 0.965882 -1.117200 0.000000 0.000000 0.000000 1.000000
0.997085 0.076299 0.000134 0.017300 -0.073651 0.962937 -0.259476 10.574800 -0.019927 0.258710 0.965749 -1.117200 0.000000 0.000000 0.000000 1.000000
0.997147 0.075376 -0.004037 0.017300 -0.073834 0.962830 -0.259822 10.574800 -0.015698 0.259378 0.965648 -1.117200 0.000000 0.000000 0.000000 1.000000
0.997175 0.074908 -0.005628 0.017300 -0.073793 0.962801 -0.259940 10.574800 -0.014052 0.259621 0.965608 -1.117200 0.000000 0.000000 0.000000 1.000000</float_array><technique_common><accessor source="#Spine-Matrix-animation-output-transform-array" count="39" stride="16"><param type="float4x4"/></accessor></technique_common></source><source id="Spine-Interpolations"><Name_array id="Spine-Interpolations-array" count="39">
 LINEAR LINEAR LINEAR LINEAR LINEAR LINEAR LINEAR LINEAR LINEAR LINEAR LINEAR
LINEAR LINEAR LINEAR LINEAR LINEAR LINEAR LINEAR LINEAR LINEAR LINEAR LINEAR LINEAR
LINEAR LINEAR LINEAR LINEAR LINEAR LINEAR LINEAR LINEAR LINEAR LINEAR LINEAR LINEAR
LINEAR LINEAR LINEAR LINEAR</Name_array><technique_common><accessor source="#Spine-Interpolations-array" count="39"><param type="name"/></accessor></technique_common></source><sampler id="Spine-Matrix-animation-transform"><input semantic="INPUT" source="#Spine-Matrix-animation-input"/><input semantic="OUTPUT" source="#Spine-Matrix-animation-output-transform"/><input semantic="INTERPOLATION" source="#Spine-Interpolations"/></sampler><channel source="#Spine-Matrix-animation-transform" target="Spine/matrix"/></animation>
    <animation id="Spine1-anim" name="Spine1"><source id="Spine1-Matrix-animation-input"><float_array id="Spine1-Matrix-animation-input-array" count="39">

0.000000 0.033333 0.066667 0.100000 0.133333 0.166667 0.200000 0.233333 0.266667 0.300000 0.333333 0.366667 0.400000 0.433333 0.466667 0.500000
0.533333 0.566667 0.600000 0.633333 0.666667 0.700000 0.733333 0.766667 0.800000 0.833333 0.866667 0.900000 0.933333 0.966667 1.000000 1.033333
1.066667 1.100000 1.133333 1.166667 1.200000 1.233333 1.266667</float_array><technique_common><accessor source="#Spine1-Matrix-animation-input-array" count="39"><param name="TIME" type="float"/></accessor></technique_common></source><source id="Spine1-Matrix-animation-output-transform"><float_array id="Spine1-Matrix-animation-output-transform-array" count="624">

0.998755 0.048873 0.009969 0.019000 -0.047600 0.993611 -0.102331 12.337300 -0.014907 0.101729 0.994700 -1.303400 0.000000 0.000000 0.000000 1.000000
0.997940 0.063595 0.008437 0.019000 -0.062398 0.992763 -0.102609 12.337300 -0.014901 0.101871 0.994686 -1.303400 0.000000 0.000000 0.000000 1.000000
0.996885 0.078483 0.007827 0.019000 -0.077257 0.991630 -0.103448 12.337300 -0.015880 0.102521 0.994604 -1.303400 0.000000 0.000000 0.000000 1.000000
0.995878 0.090360 0.007846 0.019000 -0.089050 0.990521 -0.104589 12.337300 -0.017222 0.103459 0.994485 -1.303400 0.000000 0.000000 0.000000 1.000000
0.995209 0.097445 0.008001 0.019000 -0.096059 0.989739 -0.105779 12.337300 -0.018226 0.104503 0.994358 -1.303400 0.000000 0.000000 0.000000 1.000000
0.994850 0.101035 0.008029 0.019000 -0.099610 0.989290 -0.106696 12.337300 -0.018723 0.105346 0.994259 -1.303400 0.000000 0.000000 0.000000 1.000000
0.994658 0.102906 0.008116 0.019000 -0.101445 0.989016 -0.107499 12.337300 -0.019089 0.106101 0.994172 -1.303400 0.000000 0.000000 0.000000 1.000000
0.994584 0.103608 0.008205 0.019000 -0.102123 0.988886 -0.108049 12.337300 -0.019308 0.106626 0.994112 -1.303400 0.000000 0.000000 0.000000 1.000000
0.994652 0.102945 0.008329 0.019000 -0.101449 0.988946 -0.108138 12.337300 -0.019369 0.106715 0.994101 -1.303400 0.000000 0.000000 0.000000 1.000000
0.994814 0.101358 0.008435 0.019000 -0.099878 0.989207 -0.107213 12.337300 -0.019210 0.105815 0.994200 -1.303400 0.000000 0.000000 0.000000 1.000000
0.995017 0.099348 0.008448 0.019000 -0.097917 0.989623 -0.105163 12.337300 -0.018808 0.103812 0.994419 -1.303400 0.000000 0.000000 0.000000 1.000000
0.995270 0.096786 0.008404 0.019000 -0.095415 0.990104 -0.102909 12.337300 -0.018281 0.101620 0.994655 -1.303400 0.000000 0.000000 0.000000 1.000000
0.995614 0.093217 0.007904 0.019000 -0.091946 0.990611 -0.101168 12.337300 -0.017260 0.099998 0.994838 -1.303400 0.000000 0.000000 0.000000 1.000000
0.996012 0.088988 0.006441 0.019000 -0.087897 0.991063 -0.100341 12.337300 -0.015313 0.099375 0.994932 -1.303400 0.000000 0.000000 0.000000 1.000000
0.996413 0.084515 0.004342 0.019000 -0.083651 0.991399 -0.100651 12.337300 -0.012811 0.099927 0.994912 -1.303400 0.000000 0.000000 0.000000 1.000000
0.996786 0.080084 0.002020 0.019000 -0.079470 0.991694 -0.101131 12.337300 -0.010103 0.100646 0.994871 -1.303400 0.000000 0.000000 0.000000 1.000000
0.997128 0.075729 -0.000070 0.019000 -0.075345 0.991971 -0.101576 12.337300 -0.007623 0.101290 0.994828 -1.303400 0.000000 0.000000 0.000000 1.000000
0.997438 0.071524 -0.001417 0.019000 -0.071295 0.992224 -0.102019 12.337300 -0.005890 0.101858 0.994781 -1.303400 0.000000 0.000000 0.000000 1.000000
0.997715 0.067552 -0.001169 0.019000 -0.067317 0.992467 -0.102362 12.337300 -0.005755 0.102207 0.994747 -1.303400 0.000000 0.000000 0.000000 1.000000
0.997951 0.063955 0.001653 0.019000 -0.063450 0.992714 -0.102431 12.337300 -0.008191 0.102116 0.994739 -1.303400 0.000000 0.000000 0.000000 1.000000
0.998140 0.060633 0.006270 0.019000 -0.059688 0.993060 -0.101339 12.337300 -0.012371 0.100776 0.994832 -1.303400 0.000000 0.000000 0.000000 1.000000
0.998289 0.057400 0.011165 0.019000 -0.056027 0.993561 -0.098474 12.337300 -0.016745 0.097680 0.995077 -1.303400 0.000000 0.000000 0.000000 1.000000
0.998414 0.054173 0.015352 0.019000 -0.052475 0.994081 -0.095128 12.337300 -0.020415 0.094171 0.995347 -1.303400 0.000000 0.000000 0.000000 1.000000
0.998559 0.050742 0.017461 0.019000 -0.048904 0.994446 -0.093194 12.337300 -0.022093 0.092206 0.995495 -1.303400 0.000000 0.000000 0.000000 1.000000
0.998740 0.047064 0.017389 0.019000 -0.045262 0.994680 -0.092532 12.337300 -0.021651 0.091628 0.995558 -1.303400 0.000000 0.000000 0.000000 1.000000
0.998915 0.043531 0.016531 0.019000 -0.041814 0.994795 -0.092924 12.337300 -0.020490 0.092132 0.995536 -1.303400 0.000000 0.000000 0.000000 1.000000
0.999071 0.040218 0.015492 0.019000 -0.038592 0.994836 -0.093874 12.337300 -0.019187 0.093189 0.995464 -1.303400 0.000000 0.000000 0.000000 1.000000
0.999203 0.037252 0.014321 0.019000 -0.035724 0.994821 -0.095159 12.337300 -0.017792 0.094571 0.995359 -1.303400 0.000000 0.000000 0.000000 1.000000
0.999308 0.034782 0.013151 0.019000 -0.033349 0.994744 -0.096812 12.337300 -0.016450 0.096307 0.995216 -1.303400 0.000000 0.000000 0.000000 1.000000
0.999383 0.032966 0.012115 0.019000 -0.031622 0.994676 -0.098082 12.337300 -0.015284 0.097638 0.995105 -1.303400 0.000000 0.000000 0.000000 1.000000
0.999428 0.031855 0.011360 0.019000 -0.030574 0.994601 -0.099162 12.337300 -0.014457 0.098758 0.995006 -1.303400 0.000000 0.000000 0.000000 1.000000
0.999443 0.031475 0.011053 0.019000 -0.030213 0.994522 -0.100070 12.337300 -0.014142 0.099681 0.994919 -1.303400 0.000000 0.000000 0.000000 1.000000
0.999432 0.031831 0.011032 0.019000 -0.030559 0.994437 -0.100804 12.337300 -0.014180 0.100409 0.994845 -1.303400 0.000000 0.000000 0.000000 1.000000
0.999391 0.033110 0.010991 0.019000 -0.031829 0.994341 -0.101354 12.337300 -0.014285 0.100942 0.994790 -1.303400 0.000000 0.000000 0.000000 1.000000
0.999304 0.035697 0.010834 0.019000 -0.034412 0.994214 -0.101754 12.337300 -0.014404 0.101310 0.994751 -1.303400 0.000000 0.000000 0.000000 1.000000
0.999191 0.038775 0.010665 0.019000 -0.037487 0.994075 -0.102027 12.337300 -0.014558 0.101545 0.994724 -1.303400 0.000000 0.000000 0.000000 1.000000
0.999057 0.042129 0.010485 0.019000 -0.040840 0.993931 -0.102145 12.337300 -0.014725 0.101620 0.994714 -1.303400 0.000000 0.000000 0.000000 1.000000
0.998907 0.045586 0.010289 0.019000 -0.044299 0.993778 -0.102194 12.337300 -0.014884 0.101627 0.994711 -1.303400 0.000000 0.000000 0.000000 1.000000
0.998756 0.048869 0.009943 0.019000 -0.047600 0.993621 -0.102234 12.337300 -0.014875 0.101634 0.994711 -1.303400 0.000000 0.000000 0.000000 1.000000</float_array><technique_common><accessor source="#Spine1-Matrix-animation-output-transform-array" count="39" stride="16"><param type="float4x4"/></accessor></technique_common></source><source id="Spine1-Interpolations"><Name_array id="Spine1-Interpolations-array" count="39">
 LINEAR LINEAR LINEAR LINEAR LINEAR LINEAR LINEAR LINEAR LINEAR LINEAR LINEAR
LINEAR LINEAR LINEAR LINEAR LINEAR LINEAR LINEAR LINEAR LINEAR LINEAR LINEAR LINEAR
LINEAR LINEAR LINEAR LINEAR LINEAR LINEAR LINEAR LINEAR LINEAR LINEAR LINEAR LINEAR
LINEAR LINEAR LINEAR LINEAR</Name_array><technique_common><accessor source="#Spine1-Interpolations-array" count="39"><param type="name"/></accessor></technique_common></source><sampler id="Spine1-Matrix-animation-transform"><input semantic="INPUT" source="#Spine1-Matrix-animation-input"/><input semantic="OUTPUT" source="#Spine1-Matrix-animation-output-transform"/><input semantic="INTERPOLATION" source="#Spine1-Interpolations"/></sampler><channel source="#Spine1-Matrix-animation-transform" target="Spine1/matrix"/></animation>
    <animation id="Spine2-anim" name="Spine2"><source id="Spine2-Matrix-animation-input"><float_array id="Spine2-Matrix-animation-input-array" count="39">

0.000000 0.033333 0.066667 0.100000 0.133333 0.166667 0.200000 0.233333 0.266667 0.300000 0.333333 0.366667 0.400000 0.433333 0.466667 0.500000
0.533333 0.566667 0.600000 0.633333 0.666667 0.700000 0.733333 0.766667 0.800000 0.833333 0.866667 0.900000 0.933333 0.966667 1.000000 1.033333
1.066667 1.100000 1.133333 1.166667 1.200000 1.233333 1.266667</float_array><technique_common><accessor source="#Spine2-Matrix-animation-input-array" count="39"><param name="TIME" type="float"/></accessor></technique_common></source><source id="Spine2-Matrix-animation-output-transform"><float_array id="Spine2-Matrix-animation-output-transform-array" count="624">

0.998694 0.049813 0.011325 0.021700 -0.048399 0.993582 -0.102241 14.099800 -0.016345 0.101559 0.994695 -1.489600 0.000000 0.000000 0.000000 1.000000
0.997883 0.064340 0.009469 0.021700 -0.063031 0.992708 -0.102748 14.099800 -0.016011 0.101934 0.994662 -1.489600 0.000000 0.000000 0.000000 1.000000
0.996845 0.078958 0.008073 0.021700 -0.077702 0.991577 -0.103624 14.099800 -0.016187 0.102670 0.994584 -1.489600 0.000000 0.000000 0.000000 1.000000
0.995863 0.090574 0.007228 0.021700 -0.089325 0.990481 -0.104728 14.099800 -0.016645 0.103649 0.994475 -1.489600 0.000000 0.000000 0.000000 1.000000
0.995215 0.097474 0.006841 0.021700 -0.096208 0.989716 -0.105861 14.099800 -0.017089 0.104696 0.994357 -1.489600 0.000000 0.000000 0.000000 1.000000
0.994867 0.100965 0.006708 0.021700 -0.099679 0.989279 -0.106732 14.099800 -0.017412 0.105515 0.994265 -1.489600 0.000000 0.000000 0.000000 1.000000
0.994680 0.102794 0.006785 0.021700 -0.101475 0.989013 -0.107496 14.099800 -0.017760 0.106235 0.994182 -1.489600 0.000000 0.000000 0.000000 1.000000
0.994603 0.103517 0.006962 0.021700 -0.102165 0.988885 -0.108019 14.099800 -0.018067 0.106725 0.994124 -1.489600 0.000000 0.000000 0.000000 1.000000
0.994664 0.102917 0.007228 0.021700 -0.101539 0.988941 -0.108099 14.099800 -0.018274 0.106789 0.994114 -1.489600 0.000000 0.000000 0.000000 1.000000
0.994817 0.101407 0.007485 0.021700 -0.100027 0.989197 -0.107163 14.099800 -0.018271 0.105859 0.994213 -1.489600 0.000000 0.000000 0.000000 1.000000
0.995013 0.099457 0.007624 0.021700 -0.098112 0.989611 -0.105089 14.099800 -0.017997 0.103817 0.994434 -1.489600 0.000000 0.000000 0.000000 1.000000
0.995263 0.096921 0.007633 0.021700 -0.095630 0.990095 -0.102792 14.099800 -0.017520 0.101576 0.994674 -1.489600 0.000000 0.000000 0.000000 1.000000
0.995606 0.093366 0.007146 0.021700 -0.092172 0.990607 -0.101008 14.099800 -0.016510 0.099906 0.994860 -1.489600 0.000000 0.000000 0.000000 1.000000
0.996001 0.089154 0.005736 0.021700 -0.088135 0.991059 -0.100167 14.099800 -0.014615 0.099261 0.994954 -1.489600 0.000000 0.000000 0.000000 1.000000
0.996400 0.084699 0.003715 0.021700 -0.083899 0.991394 -0.100498 14.099800 -0.012195 0.099824 0.994930 -1.489600 0.000000 0.000000 0.000000 1.000000
0.996771 0.080280 0.001481 0.021700 -0.079720 0.991687 -0.101003 14.099800 -0.009577 0.100559 0.994885 -1.489600 0.000000 0.000000 0.000000 1.000000
0.997113 0.075933 -0.000527 0.021700 -0.075595 0.991963 -0.101468 14.099800 -0.007182 0.101215 0.994839 -1.489600 0.000000 0.000000 0.000000 1.000000
0.997422 0.071730 -0.001811 0.021700 -0.071541 0.992216 -0.101925 14.099800 -0.005514 0.101791 0.994790 -1.489600 0.000000 0.000000 0.000000 1.000000
0.997701 0.067753 -0.001511 0.021700 -0.067552 0.992460 -0.102272 14.099800 -0.005430 0.102139 0.994755 -1.489600 0.000000 0.000000 0.000000 1.000000
0.997940 0.064143 0.001359 0.021700 -0.063668 0.992712 -0.102324 14.099800 -0.007912 0.102027 0.994750 -1.489600 0.000000 0.000000 0.000000 1.000000
0.998131 0.060806 0.006034 0.021700 -0.059886 0.993064 -0.101182 14.099800 -0.012145 0.100631 0.994850 -1.489600 0.000000 0.000000 0.000000 1.000000
0.998281 0.057561 0.011000 0.021700 -0.056207 0.993571 -0.098267 14.099800 -0.016586 0.097480 0.995099 -1.489600 0.000000 0.000000 0.000000 1.000000
0.998406 0.054328 0.015278 0.021700 -0.052642 0.994097 -0.094870 14.099800 -0.020342 0.093915 0.995372 -1.489600 0.000000 0.000000 0.000000 1.000000
0.998550 0.050905 0.017515 0.021700 -0.049067 0.994466 -0.092901 14.099800 -0.022147 0.091907 0.995521 -1.489600 0.000000 0.000000 0.000000 1.000000
0.998731 0.047229 0.017481 0.021700 -0.045424 0.994699 -0.092254 14.099800 -0.021745 0.091343 0.995582 -1.489600 0.000000 0.000000 0.000000 1.000000
0.998905 0.043706 0.016682 0.021700 -0.041979 0.994811 -0.092676 14.099800 -0.020646 0.091874 0.995557 -1.489600 0.000000 0.000000 0.000000 1.000000
0.999060 0.040403 0.015722 0.021700 -0.038758 0.994848 -0.093672 14.099800 -0.019426 0.092974 0.995479 -1.489600 0.000000 0.000000 0.000000 1.000000
0.999191 0.037445 0.014648 0.021700 -0.035888 0.994831 -0.094994 14.099800 -0.018130 0.094392 0.995370 -1.489600 0.000000 0.000000 0.000000 1.000000
0.999296 0.034980 0.013593 0.021700 -0.033507 0.994754 -0.096650 14.099800 -0.016902 0.096126 0.995226 -1.489600 0.000000 0.000000 0.000000 1.000000
0.999369 0.033160 0.012689 0.021700 -0.031761 0.994688 -0.097917 14.099800 -0.015869 0.097452 0.995114 -1.489600 0.000000 0.000000 0.000000 1.000000
0.999413 0.032040 0.012092 0.021700 -0.030688 0.994614 -0.098997 14.099800 -0.015198 0.098568 0.995014 -1.489600 0.000000 0.000000 0.000000 1.000000
0.999427 0.031660 0.011999 0.021700 -0.030306 0.994535 -0.099913 14.099800 -0.015097 0.099492 0.994924 -1.489600 0.000000 0.000000 0.000000 1.000000
0.999412 0.032027 0.012224 0.021700 -0.030637 0.994449 -0.100658 14.099800 -0.015380 0.100225 0.994846 -1.489600 0.000000 0.000000 0.000000 1.000000
0.999369 0.033310 0.012351 0.021700 -0.031892 0.994352 -0.101225 14.099800 -0.015653 0.100767 0.994787 -1.489600 0.000000 0.000000 0.000000 1.000000
0.999277 0.036002 0.012260 0.021700 -0.034573 0.994220 -0.101644 14.099800 -0.015848 0.101147 0.994745 -1.489600 0.000000 0.000000 0.000000 1.000000
0.999157 0.039222 0.012094 0.021700 -0.037788 0.994074 -0.101930 14.099800 -0.016021 0.101387 0.994718 -1.489600 0.000000 0.000000 0.000000 1.000000
0.999016 0.042740 0.011889 0.021700 -0.041307 0.993921 -0.102056 14.099800 -0.016178 0.101464 0.994708 -1.489600 0.000000 0.000000 0.000000 1.000000
0.998856 0.046366 0.011660 0.021700 -0.044938 0.993757 -0.102112 14.099800 -0.016322 0.101471 0.994705 -1.489600 0.000000 0.000000 0.000000 1.000000
0.998695 0.049808 0.011296 0.021700 -0.048398 0.993590 -0.102159 14.099800 -0.016312 0.101479 0.994704 -1.489600 0.000000 0.000000 0.000000 1.000000</float_array><technique_common><accessor source="#Spine2-Matrix-animation-output-transform-array" count="39" stride="16"><param type="float4x4"/></accessor></technique_common></source><source id="Spine2-Interpolations"><Name_array id="Spine2-Interpolations-array" count="39">
 LINEAR LINEAR LINEAR LINEAR LINEAR LINEAR LINEAR LINEAR LINEAR LINEAR LINEAR
LINEAR LINEAR LINEAR LINEAR LINEAR LINEAR LINEAR LINEAR LINEAR LINEAR LINEAR LINEAR
LINEAR LINEAR LINEAR LINEAR LINEAR LINEAR LINEAR LINEAR LINEAR LINEAR LINEAR LINEAR
LINEAR LINEAR LINEAR LINEAR</Name_array><technique_common><accessor source="#Spine2-Interpolations-array" count="39"><param type="name"/></accessor></technique_common></source><sampler id="Spine2-Matrix-animation-transform"><input semantic="INPUT" source="#Spine2-Matrix-animation-input"/><input semantic="OUTPUT" source="#Spine2-Matrix-animation-output-transform"/><input semantic="INTERPOLATION" source="#Spine2-Interpolations"/></sampler><channel source="#Spine2-Matrix-animation-transform" target="Spine2/matrix"/></animation>
    <animation id="Neck-anim" name="Neck"><source id="Neck-Matrix-animation-input"><float_array id="Neck-Matrix-animation-input-array" count="39">

0.000000 0.033333 0.066667 0.100000 0.133333 0.166667 0.200000 0.233333 0.266667 0.300000 0.333333 0.366667 0.400000 0.433333 0.466667 0.500000
0.533333 0.566667 0.600000 0.633333 0.666667 0.700000 0.733333 0.766667 0.800000 0.833333 0.866667 0.900000 0.933333 0.966667 1.000000 1.033333
1.066667 1.100000 1.133333 1.166667 1.200000 1.233333 1.266667</float_array><technique_common><accessor source="#Neck-Matrix-animation-input-array" count="39"><param name="TIME" type="float"/></accessor></technique_common></source><source id="Neck-Matrix-animation-output-transform"><float_array id="Neck-Matrix-animation-output-transform-array" count="624">

0.997545 -0.065356 0.025155 0.024400 0.063654 0.995959 0.063347 15.862300 -0.029193 -0.061591 0.997674 -1.675800 0.000000 0.000000 0.000000 1.000000
0.997541 -0.064719 0.026901 0.024400 0.062870 0.995924 0.064674 15.862300 -0.030977 -0.062823 0.997544 -1.675800 0.000000 0.000000 0.000000 1.000000
0.997530 -0.062613 0.031820 0.024400 0.060390 0.995951 0.066589 15.862300 -0.035860 -0.064503 0.997273 -1.675800 0.000000 0.000000 0.000000 1.000000
0.997463 -0.059273 0.039412 0.024400 0.056467 0.996027 0.068858 15.862300 -0.043337 -0.066458 0.996848 -1.675800 0.000000 0.000000 0.000000 1.000000
0.997300 -0.054463 0.049265 0.024400 0.050881 0.996160 0.071249 15.862300 -0.052957 -0.068550 0.996241 -1.675800 0.000000 0.000000 0.000000 1.000000
0.996995 -0.047708 0.061024 0.024400 0.043182 0.996364 0.073447 15.862300 -0.064306 -0.070591 0.995430 -1.675800 0.000000 0.000000 0.000000 1.000000
0.996451 -0.040080 0.074015 0.024400 0.034477 0.996551 0.075479 15.862300 -0.076785 -0.072660 0.994397 -1.675800 0.000000 0.000000 0.000000 1.000000
0.995632 -0.032052 0.087693 0.024400 0.025270 0.996682 0.077374 15.862300 -0.089882 -0.074820 0.993138 -1.675800 0.000000 0.000000 0.000000 1.000000
0.994517 -0.024920 0.101564 0.024400 0.016893 0.996721 0.079133 15.862300 -0.103203 -0.076983 0.991677 -1.675800 0.000000 0.000000 0.000000 1.000000
0.993120 -0.018012 0.115706 0.024400 0.008795 0.996782 0.079682 15.862300 -0.116769 -0.078116 0.990082 -1.675800 0.000000 0.000000 0.000000 1.000000
0.991463 -0.011180 0.129908 0.024400 0.000866 0.996860 0.079182 15.862300 -0.130385 -0.078394 0.988359 -1.675800 0.000000 0.000000 0.000000 1.000000
0.989578 -0.004267 0.143934 0.024400 -0.007110 0.996893 0.078441 15.862300 -0.143821 -0.078647 0.986474 -1.675800 0.000000 0.000000 0.000000 1.000000
0.987474 0.003541 0.157741 0.024400 -0.015959 0.996863 0.077524 15.862300 -0.156972 -0.079071 0.984433 -1.675800 0.000000 0.000000 0.000000 1.000000
0.985204 0.011862 0.170974 0.024400 -0.025253 0.996760 0.076365 15.862300 -0.169514 -0.079553 0.982312 -1.675800 0.000000 0.000000 0.000000 1.000000
0.982874 0.019667 0.183227 0.024400 -0.034072 0.996540 0.075805 15.862300 -0.181102 -0.080749 0.980144 -1.675800 0.000000 0.000000 0.000000 1.000000
0.980695 0.026709 0.193714 0.024400 -0.042029 0.996266 0.075413 15.862300 -0.190976 -0.082098 0.978155 -1.675800 0.000000 0.000000 0.000000 1.000000
0.978707 0.032799 0.202625 0.024400 -0.049131 0.995889 0.076105 15.862300 -0.199296 -0.084440 0.976295 -1.675800 0.000000 0.000000 0.000000 1.000000
0.977019 0.037843 0.209765 0.024400 -0.055215 0.995456 0.077585 15.862300 -0.205876 -0.087384 0.974669 -1.675800 0.000000 0.000000 0.000000 1.000000
0.975747 0.041923 0.214851 0.024400 -0.060316 0.994986 0.079776 15.862300 -0.210430 -0.090800 0.973383 -1.675800 0.000000 0.000000 0.000000 1.000000
0.975133 0.045147 0.216975 0.024400 -0.064058 0.994659 0.080929 15.862300 -0.212162 -0.092815 0.972817 -1.675800 0.000000 0.000000 0.000000 1.000000
0.975161 0.047144 0.216423 0.024400 -0.065901 0.994591 0.080284 15.862300 -0.211467 -0.092553 0.972993 -1.675800 0.000000 0.000000 0.000000 1.000000
0.975815 0.046974 0.213490 0.024400 -0.065009 0.994812 0.078251 15.862300 -0.208707 -0.090237 0.973806 -1.675800 0.000000 0.000000 0.000000 1.000000
0.977106 0.044715 0.208000 0.024400 -0.061693 0.995208 0.075865 15.862300 -0.203611 -0.086960 0.975182 -1.675800 0.000000 0.000000 0.000000 1.000000
0.978734 0.041712 0.200848 0.024400 -0.057635 0.995584 0.074097 15.862300 -0.196870 -0.084097 0.976816 -1.675800 0.000000 0.000000 0.000000 1.000000
0.980594 0.038182 0.192297 0.024400 -0.053254 0.995848 0.073831 15.862300 -0.188679 -0.082639 0.978556 -1.675800 0.000000 0.000000 0.000000 1.000000
0.982756 0.033448 0.181857 0.024400 -0.047637 0.996103 0.074223 15.862300 -0.178666 -0.081606 0.980520 -1.675800 0.000000 0.000000 0.000000 1.000000
0.985146 0.026965 0.169588 0.024400 -0.040127 0.996401 0.074665 15.862300 -0.166964 -0.080361 0.982683 -1.675800 0.000000 0.000000 0.000000 1.000000
0.987599 0.019231 0.155814 0.024400 -0.031204 0.996713 0.074765 15.862300 -0.153865 -0.078700 0.984953 -1.675800 0.000000 0.000000 0.000000 1.000000
0.989980 0.010394 0.140822 0.024400 -0.021048 0.997008 0.074376 15.862300 -0.139628 -0.076595 0.987237 -1.675800 0.000000 0.000000 0.000000 1.000000
0.992168 0.000374 0.124913 0.024400 -0.009624 0.997252 0.073460 15.862300 -0.124543 -0.074087 0.989444 -1.675800 0.000000 0.000000 0.000000 1.000000
0.994019 -0.010038 0.108742 0.024400 0.002185 0.997395 0.072096 15.862300 -0.109182 -0.071427 0.991452 -1.675800 0.000000 0.000000 0.000000 1.000000
0.995475 -0.020176 0.092854 0.024400 0.013658 0.997433 0.070298 15.862300 -0.094034 -0.068712 0.993195 -1.675800 0.000000 0.000000 0.000000 1.000000
0.996532 -0.029810 0.077686 0.024400 0.024512 0.997365 0.068283 15.862300 -0.079517 -0.066142 0.994637 -1.675800 0.000000 0.000000 0.000000 1.000000
0.997217 -0.038824 0.063654 0.024400 0.034597 0.997206 0.066208 15.862300 -0.066047 -0.063821 0.995773 -1.675800 0.000000 0.000000 0.000000 1.000000
0.997586 -0.046931 0.051187 0.024400 0.043592 0.996964 0.064515 15.862300 -0.054059 -0.062128 0.996603 -1.675800 0.000000 0.000000 0.000000 1.000000
0.997715 -0.054009 0.040596 0.024400 0.051366 0.996656 0.063549 15.862300 -0.043892 -0.061318 0.997153 -1.675800 0.000000 0.000000 0.000000 1.000000
0.997695 -0.059624 0.032389 0.024400 0.057498 0.996355 0.063016 15.862300 -0.036029 -0.061008 0.997487 -1.675800 0.000000 0.000000 0.000000 1.000000
0.997608 -0.063612 0.027051 0.024400 0.061804 0.996093 0.063084 15.862300 -0.030959 -0.061261 0.997642 -1.675800 0.000000 0.000000 0.000000 1.000000
0.997546 -0.065369 0.025081 0.024400 0.063670 0.995953 0.063427 15.862300 -0.029125 -0.061674 0.997671 -1.675800 0.000000 0.000000 0.000000 1.000000</float_array><technique_common><accessor source="#Neck-Matrix-animation-output-transform-array" count="39" stride="16"><param type="float4x4"/></accessor></technique_common></source><source id="Neck-Interpolations"><Name_array id="Neck-Interpolations-array" count="39">
 LINEAR LINEAR LINEAR LINEAR LINEAR LINEAR LINEAR LINEAR LINEAR LINEAR LINEAR
LINEAR LINEAR LINEAR LINEAR LINEAR LINEAR LINEAR LINEAR LINEAR LINEAR LINEAR LINEAR
LINEAR LINEAR LINEAR LINEAR LINEAR LINEAR LINEAR LINEAR LINEAR LINEAR LINEAR LINEAR
LINEAR LINEAR LINEAR LINEAR</Name_array><technique_common><accessor source="#Neck-Interpolations-array" count="39"><param type="name"/></accessor></technique_common></source><sampler id="Neck-Matrix-animation-transform"><input semantic="INPUT" source="#Neck-Matrix-animation-input"/><input semantic="OUTPUT" source="#Neck-Matrix-animation-output-transform"/><input semantic="INTERPOLATION" source="#Neck-Interpolations"/></sampler><channel source="#Neck-Matrix-animation-transform" target="Neck/matrix"/></animation>
    <animation id="Head-anim" name="Head"><source id="Head-Matrix-animation-input"><float_array id="Head-Matrix-animation-input-array" count="39">

0.000000 0.033333 0.066667 0.100000 0.133333 0.166667 0.200000 0.233333 0.266667 0.300000 0.333333 0.366667 0.400000 0.433333 0.466667 0.500000
0.533333 0.566667 0.600000 0.633333 0.666667 0.700000 0.733333 0.766667 0.800000 0.833333 0.866667 0.900000 0.933333 0.966667 1.000000 1.033333
1.066667 1.100000 1.133333 1.166667 1.200000 1.233333 1.266667</float_array><technique_common><accessor source="#Head-Matrix-animation-input-array" count="39"><param name="TIME" type="float"/></accessor></technique_common></source><source id="Head-Matrix-animation-output-transform"><float_array id="Head-Matrix-animation-output-transform-array" count="624">

0.575444 -0.024197 0.817483 0.000000 -0.239925 0.950588 0.197025 5.564000 -0.781857 -0.309511 0.541205 0.988100 0.000000 0.000000 0.000000 1.000000
0.551578 -0.025157 0.833744 0.000000 -0.255094 0.946568 0.197324 5.564000 -0.794159 -0.321523 0.515689 0.988100 0.000000 0.000000 0.000000 1.000000
