<?xml version="1.0" encoding="utf-8"?>
<COLLADA xmlns="http://www.collada.org/2005/11/COLLADASchema" version="1.4.1">
  <asset><contributor><author>Mixamo</author><authoring_tool>COLLADA Mixamo exporter</authoring_tool><comments></comments></contributor><created>2018-10-06T14:04:21Z</created><modified>2018-10-06T14:04:21Z</modified><revision></revision><title></title><unit meter="0.010000"/><up_axis>Y_UP</up_axis></asset>
  <library_animations>
    <animation id="Hips-anim" name="Hips"><source id="Hips-Matrix-animation-input"><float_array id="Hips-Matrix-animation-input-array" count="33">

0.000000 0.033333 0.066667 0.100000 0.133333 0.166667 0.200000 0.233333 0.266667 0.300000 0.333333 0.366667 0.400000 0.433333 0.466667 0.500000
0.533333 0.566667 0.600000 0.633333 0.666667 0.700000 0.733333 0.766667 0.800000 0.833333 0.866667 0.900000 0.933333 0.966667 1.000000 1.033333
1.066667</float_array><technique_common><accessor source="#Hips-Matrix-animation-input-array" count="33"><param name="TIME" type="float"/></accessor></technique_common></source><source id="Hips-Matrix-animation-output-transform"><float_array id="Hips-Matrix-animation-output-transform-array" count="528">

0.999664 -0.025888 0.001264 0.000044 0.025858 0.999461 0.020221 91.746719 -0.001787 -0.020182 0.999795 -0.000053 0.000000 0.000000 0.000000 1.000000
0.999367 -0.031675 -0.016224 -0.117337 0.031958 0.999337 0.017457 92.388901 0.015660 -0.017965 0.999716 4.443342 0.000000 0.000000 0.000000 1.000000
0.998749 -0.036630 -0.034041 -0.205884 0.037154 0.999198 0.014905 92.643234 0.033468 -0.016151 0.999309 8.999294 0.000000 0.000000 0.000000 1.000000
0.997616 -0.040912 -0.055572 -0.252229 0.041617 0.999066 0.011588 92.491249 0.055046 -0.013873 0.998387 13.645905 0.000000 0.000000 0.000000 1.000000
0.995693 -0.042534 -0.082374 -0.252974 0.043302 0.999033 0.007557 91.988991 0.081973 -0.011091 0.996573 18.389250 0.000000 0.000000 0.000000 1.000000
0.992858 -0.038315 -0.112984 -0.199820 0.039026 0.999230 0.004090 91.218460 0.112740 -0.008470 0.993588 23.261347 0.000000 0.000000 0.000000 1.000000
0.989486 -0.033497 -0.140697 0.005257 0.033715 0.999431 -0.000839 90.293915 0.140645 -0.003913 0.990052 28.105463 0.000000 0.000000 0.000000 1.000000
0.987403 -0.031345 -0.155088 0.472657 0.031297 0.999506 -0.002753 89.376892 0.155098 -0.002136 0.987897 33.249508 0.000000 0.000000 0.000000 1.000000
0.986394 -0.030873 -0.161472 1.134488 0.031066 0.999516 -0.001333 88.541885 0.161436 -0.003702 0.986876 38.690029 0.000000 0.000000 0.000000 1.000000
0.985886 -0.029901 -0.164725 1.872020 0.030848 0.999519 0.003197 87.904106 0.164550 -0.008233 0.986334 44.264370 0.000000 0.000000 0.000000 1.000000
0.985702 -0.026049 -0.166473 2.552360 0.028134 0.999552 0.010181 87.611877 0.166133 -0.014719 0.985993 49.713058 0.000000 0.000000 0.000000 1.000000
0.986111 -0.020048 -0.164876 3.088264 0.023186 0.999584 0.017135 87.714027 0.164464 -0.020720 0.986165 54.871441 0.000000 0.000000 0.000000 1.000000
0.986949 -0.013813 -0.160437 3.541947 0.017685 0.999585 0.022735 88.063698 0.160057 -0.025276 0.986784 59.854607 0.000000 0.000000 0.000000 1.000000
0.988481 -0.009219 -0.151065 3.916996 0.012907 0.999642 0.023448 88.693268 0.150794 -0.025128 0.988246 64.646431 0.000000 0.000000 0.000000 1.000000
0.990569 -0.006662 -0.136854 4.225413 0.009299 0.999783 0.018641 89.561684 0.136701 -0.019737 0.990416 69.269600 0.000000 0.000000 0.000000 1.000000
0.992742 -0.005273 -0.120148 4.486800 0.006608 0.999921 0.010709 90.531105 0.120082 -0.011425 0.992698 73.789246 0.000000 0.000000 0.000000 1.000000
0.994788 -0.005149 -0.101837 4.671519 0.005223 0.999986 0.000457 91.457359 0.101834 -0.000987 0.994801 78.186066 0.000000 0.000000 0.000000 1.000000
0.996721 -0.006462 -0.080659 4.770518 0.005643 0.999930 -0.010377 92.152100 0.080721 0.009888 0.996688 82.555359 0.000000 0.000000 0.000000 1.000000
0.998219 -0.008609 -0.059036 4.784245 0.007473 0.999783 -0.019442 92.491516 0.059191 0.018966 0.998066 86.922180 0.000000 0.000000 0.000000 1.000000
0.999186 -0.011402 -0.038684 4.710988 0.010438 0.999632 -0.025037 92.439461 0.038956 0.024612 0.998938 91.278259 0.000000 0.000000 0.000000 1.000000
0.999696 -0.014961 -0.019588 4.546302 0.014443 0.999548 -0.026353 92.035744 0.019973 0.026062 0.999461 95.604797 0.000000 0.000000 0.000000 1.000000
0.999825 -0.018590 0.002048 4.291988 0.018632 0.999561 -0.023043 91.299736 -0.001619 0.023077 0.999732 99.971916 0.000000 0.000000 0.000000 1.000000
0.999388 -0.025155 0.024292 3.950544 0.025623 0.999489 -0.019129 90.127930 -0.023798 0.019740 0.999522 104.540710 0.000000 0.000000 0.000000 1.000000
0.998516 -0.032086 0.043999 3.563892 0.032860 0.999316 -0.016990 88.763893 -0.043424 0.018411 0.998887 109.360977 0.000000 0.000000 0.000000 1.000000
0.997533 -0.035335 0.060661 3.127127 0.036437 0.999189 -0.017162 87.502121 -0.060006 0.019330 0.998011 114.433083 0.000000 0.000000 0.000000 1.000000
0.996602 -0.031355 0.076168 2.596273 0.032821 0.999298 -0.018072 86.604553 -0.075548 0.020510 0.996931 119.680595 0.000000 0.000000 0.000000 1.000000
0.995677 -0.023282 0.089915 2.014119 0.024782 0.999571 -0.015594 86.149246 -0.089514 0.017755 0.995827 124.695328 0.000000 0.000000 0.000000 1.000000
0.994862 -0.016630 0.099865 1.499023 0.017369 0.999828 -0.006536 86.041946 -0.099739 0.008237 0.994980 129.474487 0.000000 0.000000 0.000000 1.000000
0.995008 -0.012783 0.098977 1.051243 0.012061 0.999896 0.007892 86.443504 -0.099067 -0.006659 0.995058 134.118286 0.000000 0.000000 0.000000 1.000000
0.996361 -0.011770 0.084414 0.670806 0.010012 0.999725 0.021213 87.402962 -0.084641 -0.020291 0.996205 138.668076 0.000000 0.000000 0.000000 1.000000
0.998132 -0.013738 0.059534 0.375163 0.012309 0.999629 0.024307 88.778076 -0.059846 -0.023528 0.997930 143.100388 0.000000 0.000000 0.000000 1.000000
0.999107 -0.019856 0.037300 0.207704 0.019024 0.999565 0.022525 90.076042 -0.037731 -0.021795 0.999050 147.493134 0.000000 0.000000 0.000000 1.000000
0.999616 -0.024180 0.013509 0.068846 0.023894 0.999496 0.020907 91.211533 -0.014008 -0.020577 0.999690 151.948700 0.000000 0.000000 0.000000 1.000000</float_array><technique_common><accessor source="#Hips-Matrix-animation-output-transform-array" count="33" stride="16"><param type="float4x4"/></accessor></technique_common></source><source id="Hips-Interpolations"><Name_array id="Hips-Interpolations-array" count="33">
 LINEAR LINEAR LINEAR LINEAR LINEAR LINEAR LINEAR LINEAR LINEAR LINEAR LINEAR
LINEAR LINEAR LINEAR LINEAR LINEAR LINEAR LINEAR LINEAR LINEAR LINEAR LINEAR LINEAR
LINEAR LINEAR LINEAR LINEAR LINEAR LINEAR LINEAR LINEAR LINEAR LINEAR</Name_array><technique_common><accessor source="#Hips-Interpolations-array" count="33"><param type="name"/></accessor></technique_common></source><sampler id="Hips-Matrix-animation-transform"><input semantic="INPUT" source="#Hips-Matrix-animation-input"/><input semantic="OUTPUT" source="#Hips-Matrix-animation-output-transform"/><input semantic="INTERPOLATION" source="#Hips-Interpolations"/></sampler><channel source="#Hips-Matrix-animation-transform" target="Hips/matrix"/></animation>
    <animation id="Spine-anim" name="Spine"><source id="Spine-Matrix-animation-input"><float_array id="Spine-Matrix-animation-input-array" count="33">

0.000000 0.033333 0.066667 0.100000 0.133333 0.166667 0.200000 0.233333 0.266667 0.300000 0.333333 0.366667 0.400000 0.433333 0.466667 0.500000
0.533333 0.566667 0.600000 0.633333 0.666667 0.700000 0.733333 0.766667 0.800000 0.833333 0.866667 0.900000 0.933333 0.966667 1.000000 1.033333
1.066667</float_array><technique_common><accessor source="#Spine-Matrix-animation-input-array" count="33"><param name="TIME" type="float"/></accessor></technique_common></source><source id="Spine-Matrix-animation-output-transform"><float_array id="Spine-Matrix-animation-output-transform-array" count="528">

0.987693 -0.038959 -0.151473 0.017300 -0.016154 0.937889 -0.346560 10.574800 0.155566 0.344742 0.925717 -1.117200 0.000000 0.000000 0.000000 1.000000
0.989083 -0.033172 -0.143578 0.017300 -0.017514 0.940964 -0.338053 10.574800 0.146315 0.336877 0.930111 -1.117200 0.000000 0.000000 0.000000 1.000000
0.990352 -0.028351 -0.135646 0.017300 -0.017764 0.944800 -0.327167 10.574800 0.137433 0.326420 0.935180 -1.117200 0.000000 0.000000 0.000000 1.000000
0.991514 -0.025477 -0.127479 0.017300 -0.016175 0.948812 -0.315427 10.574800 0.128989 0.314812 0.940348 -1.117200 0.000000 0.000000 0.000000 1.000000
0.992607 -0.025042 -0.118760 0.017300 -0.012457 0.952295 -0.304924 10.574800 0.120730 0.304150 0.944943 -1.117200 0.000000 0.000000 0.000000 1.000000
0.993632 -0.026893 -0.109419 0.017300 -0.006921 0.954698 -0.297495 10.574800 0.112463 0.296358 0.948433 -1.117200 0.000000 0.000000 0.000000 1.000000
0.994334 -0.029965 -0.101989 0.017300 -0.001316 0.955903 -0.293681 10.574800 0.106292 0.292151 0.950447 -1.117200 0.000000 0.000000 0.000000 1.000000
0.994479 -0.032717 -0.099707 0.017300 0.002163 0.956343 -0.292238 10.574800 0.104916 0.290409 0.951134 -1.117200 0.000000 0.000000 0.000000 1.000000
0.994337 -0.033308 -0.100919 0.017300 0.002300 0.956138 -0.292908 10.574800 0.106249 0.291017 0.950800 -1.117200 0.000000 0.000000 0.000000 1.000000
0.994087 -0.030995 -0.104066 0.017300 -0.001193 0.955218 -0.295902 10.574800 0.108577 0.294276 0.949533 -1.117200 0.000000 0.000000 0.000000 1.000000
0.993724 -0.026515 -0.108673 0.017300 -0.007552 0.953381 -0.301673 10.574800 0.111605 0.300601 0.947198 -1.117200 0.000000 0.000000 0.000000 1.000000
0.992969 -0.023125 -0.116092 0.017300 -0.014076 0.950707 -0.309770 10.574800 0.117533 0.309226 0.943698 -1.117200 0.000000 0.000000 0.000000 1.000000
0.991860 -0.021664 -0.125476 0.017300 -0.019566 0.947785 -0.318310 10.574800 0.125821 0.318174 0.939646 -1.117200 0.000000 0.000000 0.000000 1.000000
0.990201 -0.025178 -0.137362 0.017300 -0.021067 0.945425 -0.325158 10.574800 0.138053 0.324866 0.935630 -1.117200 0.000000 0.000000 0.000000 1.000000
0.987897 -0.033963 -0.151350 0.017300 -0.018066 0.943901 -0.329733 10.574800 0.154059 0.328476 0.931863 -1.117200 0.000000 0.000000 0.000000 1.000000
0.985071 -0.045523 -0.166018 0.017300 -0.012488 0.942963 -0.332664 10.574800 0.171692 0.329771 0.928317 -1.117200 0.000000 0.000000 0.000000 1.000000
0.981978 -0.058768 -0.179629 0.017300 -0.004361 0.943129 -0.332399 10.574800 0.188947 0.327192 0.925875 -1.117200 0.000000 0.000000 0.000000 1.000000
0.978772 -0.072145 -0.191835 0.017300 0.004970 0.944077 -0.329687 10.574800 0.204893 0.321734 0.924395 -1.117200 0.000000 0.000000 0.000000 1.000000
0.975712 -0.082864 -0.202778 0.017300 0.012320 0.944984 -0.326883 10.574800 0.218709 0.316446 0.923054 -1.117200 0.000000 0.000000 0.000000 1.000000
0.973026 -0.089385 -0.212674 0.017300 0.015735 0.945454 -0.325375 10.574800 0.230157 0.313252 0.921358 -1.117200 0.000000 0.000000 0.000000 1.000000
0.970764 -0.091638 -0.221855 0.017300 0.014925 0.945514 -0.325240 10.574800 0.239571 0.312420 0.919238 -1.117200 0.000000 0.000000 0.000000 1.000000
0.968865 -0.089978 -0.230659 0.017300 0.010217 0.945362 -0.325861 10.574800 0.247377 0.313359 0.916848 -1.117200 0.000000 0.000000 0.000000 1.000000
0.966845 -0.086861 -0.240137 0.017300 0.004577 0.946116 -0.323796 10.574800 0.255323 0.311962 0.915145 -1.117200 0.000000 0.000000 0.000000 1.000000
0.964768 -0.086189 -0.248586 0.017300 0.002497 0.947778 -0.318921 10.574800 0.263092 0.307064 0.914601 -1.117200 0.000000 0.000000 0.000000 1.000000
0.962964 -0.089926 -0.254193 0.017300 0.005914 0.949562 -0.313523 10.574800 0.269566 0.300408 0.914926 -1.117200 0.000000 0.000000 0.000000 1.000000
0.961906 -0.097312 -0.255476 0.017300 0.013324 0.950080 -0.311722 10.574800 0.273057 0.296443 0.915184 -1.117200 0.000000 0.000000 0.000000 1.000000
0.962355 -0.103409 -0.251355 0.017300 0.018598 0.947681 -0.318678 10.574800 0.271158 0.302007 0.913928 -1.117200 0.000000 0.000000 0.000000 1.000000
0.964522 -0.104206 -0.242565 0.017300 0.018633 0.943382 -0.331185 10.574800 0.263343 0.314916 0.911854 -1.117200 0.000000 0.000000 0.000000 1.000000
0.968682 -0.097970 -0.228160 0.017300 0.013675 0.938527 -0.344934 10.574800 0.247927 0.331012 0.910474 -1.117200 0.000000 0.000000 0.000000 1.000000
0.973975 -0.085958 -0.209725 0.017300 0.005935 0.934651 -0.355517 10.574800 0.226580 0.345020 0.910836 -1.117200 0.000000 0.000000 0.000000 1.000000
0.978930 -0.072137 -0.191028 0.017300 -0.001308 0.933285 -0.359135 10.574800 0.204190 0.351817 0.913527 -1.117200 0.000000 0.000000 0.000000 1.000000
0.982931 -0.058437 -0.174445 0.017300 -0.007552 0.934595 -0.355632 10.574800 0.183818 0.350879 0.918202 -1.117200 0.000000 0.000000 0.000000 1.000000
0.986233 -0.045343 -0.159025 0.017300 -0.013334 0.936735 -0.349786 10.574800 0.164825 0.347091 0.923234 -1.117200 0.000000 0.000000 0.000000 1.000000</float_array><technique_common><accessor source="#Spine-Matrix-animation-output-transform-array" count="33" stride="16"><param type="float4x4"/></accessor></technique_common></source><source id="Spine-Interpolations"><Name_array id="Spine-Interpolations-array" count="33">
 LINEAR LINEAR LINEAR LINEAR LINEAR LINEAR LINEAR LINEAR LINEAR LINEAR LINEAR
LINEAR LINEAR LINEAR LINEAR LINEAR LINEAR LINEAR LINEAR LINEAR LINEAR LINEAR LINEAR
LINEAR LINEAR LINEAR LINEAR LINEAR LINEAR LINEAR LINEAR LINEAR LINEAR</Name_array><technique_common><accessor source="#Spine-Interpolations-array" count="33"><param type="name"/></accessor></technique_common></source><sampler id="Spine-Matrix-animation-transform"><input semantic="INPUT" source="#Spine-Matrix-animation-input"/><input semantic="OUTPUT" source="#Spine-Matrix-animation-output-transform"/><input semantic="INTERPOLATION" source="#Spine-Interpolations"/></sampler><channel source="#Spine-Matrix-animation-transform" target="Spine/matrix"/></animation>
    <animation id="Spine1-anim" name="Spine1"><source id="Spine1-Matrix-animation-input"><float_array id="Spine1-Matrix-animation-input-array" count="33">

0.000000 0.033333 0.066667 0.100000 0.133333 0.166667 0.200000 0.233333 0.266667 0.300000 0.333333 0.366667 0.400000 0.433333 0.466667 0.500000
0.533333 0.566667 0.600000 0.633333 0.666667 0.700000 0.733333 0.766667 0.800000 0.833333 0.866667 0.900000 0.933333 0.966667 1.000000 1.033333
1.066667</float_array><technique_common><accessor source="#Spine1-Matrix-animation-input-array" count="33"><param name="TIME" type="float"/></accessor></technique_common></source><source id="Spine1-Matrix-animation-output-transform"><float_array id="Spine1-Matrix-animation-output-transform-array" count="528">

0.999068 0.009265 -0.042170 0.019000 -0.010353 0.999617 -0.025674 12.337300 0.041916 0.026086 0.998781 -1.303400 0.000000 0.000000 0.000000 1.000000
0.999161 0.010216 -0.039666 0.019000 -0.011240 0.999607 -0.025681 12.337300 0.039388 0.026105 0.998883 -1.303400 0.000000 0.000000 0.000000 1.000000
0.999244 0.011453 -0.037145 0.019000 -0.012412 0.999593 -0.025681 12.337300 0.036836 0.026123 0.998980 -1.303400 0.000000 0.000000 0.000000 1.000000
0.999316 0.012876 -0.034657 0.019000 -0.013769 0.999575 -0.025677 12.337300 0.034311 0.026137 0.999069 -1.303400 0.000000 0.000000 0.000000 1.000000
0.999382 0.014139 -0.032190 0.019000 -0.014969 0.999558 -0.025699 12.337300 0.031812 0.026165 0.999151 -1.303400 0.000000 0.000000 0.000000 1.000000
0.999448 0.014758 -0.029749 0.019000 -0.015527 0.999547 -0.025798 12.337300 0.029355 0.026245 0.999224 -1.303400 0.000000 0.000000 0.000000 1.000000
0.999504 0.014466 -0.027963 0.019000 -0.015195 0.999545 -0.026044 12.337300 0.027573 0.026456 0.999270 -1.303400 0.000000 0.000000 0.000000 1.000000
0.999530 0.013289 -0.027628 0.019000 -0.014006 0.999565 -0.025937 12.337300 0.027271 0.026311 0.999282 -1.303400 0.000000 0.000000 0.000000 1.000000
0.999537 0.011495 -0.028185 0.019000 -0.012220 0.999596 -0.025667 12.337300 0.027879 0.025999 0.999273 -1.303400 0.000000 0.000000 0.000000 1.000000
0.999530 0.009476 -0.029144 0.019000 -0.010223 0.999620 -0.025583 12.337300 0.028891 0.025869 0.999248 -1.303400 0.000000 0.000000 0.000000 1.000000
0.999509 0.007679 -0.030367 0.019000 -0.008471 0.999625 -0.026038 12.337300 0.030156 0.026282 0.999200 -1.303400 0.000000 0.000000 0.000000 1.000000
0.999455 0.006527 -0.032362 0.019000 -0.007404 0.999606 -0.027081 12.337300 0.032172 0.027305 0.999109 -1.303400 0.000000 0.000000 0.000000 1.000000
0.999372 0.005702 -0.034964 0.019000 -0.006692 0.999578 -0.028266 12.337300 0.034788 0.028483 0.998989 -1.303400 0.000000 0.000000 0.000000 1.000000
0.999247 0.005099 -0.038474 0.019000 -0.006221 0.999558 -0.029086 12.337300 0.038308 0.029303 0.998836 -1.303400 0.000000 0.000000 0.000000 1.000000
0.999072 0.004603 -0.042816 0.019000 -0.005864 0.999551 -0.029383 12.337300 0.042662 0.029607 0.998651 -1.303400 0.000000 0.000000 0.000000 1.000000
0.998864 0.004095 -0.047482 0.019000 -0.005493 0.999554 -0.029353 12.337300 0.047341 0.029580 0.998441 -1.303400 0.000000 0.000000 0.000000 1.000000
0.998643 0.003636 -0.051960 0.019000 -0.005149 0.999566 -0.029004 12.337300 0.051832 0.029232 0.998228 -1.303400 0.000000 0.000000 0.000000 1.000000
0.998421 0.003233 -0.056083 0.019000 -0.004834 0.999584 -0.028439 12.337300 0.055967 0.028665 0.998021 -1.303400 0.000000 0.000000 0.000000 1.000000
0.998211 0.002988 -0.059720 0.019000 -0.004655 0.999603 -0.027793 12.337300 0.059614 0.028021 0.997828 -1.303400 0.000000 0.000000 0.000000 1.000000
0.998019 0.003022 -0.062844 0.019000 -0.004737 0.999620 -0.027149 12.337300 0.062739 0.027392 0.997654 -1.303400 0.000000 0.000000 0.000000 1.000000
0.997845 0.003448 -0.065526 0.019000 -0.005195 0.999635 -0.026514 12.337300 0.065411 0.026798 0.997499 -1.303400 0.000000 0.000000 0.000000 1.000000
0.997684 0.004318 -0.067877 0.019000 -0.006088 0.999646 -0.025885 12.337300 0.067742 0.026239 0.997358 -1.303400 0.000000 0.000000 0.000000 1.000000
0.997524 0.005229 -0.070133 0.019000 -0.006991 0.999665 -0.024906 12.337300 0.069979 0.025334 0.997227 -1.303400 0.000000 0.000000 0.000000 1.000000
0.997370 0.005640 -0.072260 0.019000 -0.007341 0.999702 -0.023292 12.337300 0.072107 0.023761 0.997114 -1.303400 0.000000 0.000000 0.000000 1.000000
0.997240 0.005219 -0.074058 0.019000 -0.006801 0.999754 -0.021127 12.337300 0.073929 0.021572 0.997030 -1.303400 0.000000 0.000000 0.000000 1.000000
0.997165 0.003979 -0.075147 0.019000 -0.005418 0.999806 -0.018954 12.337300 0.075057 0.019307 0.996992 -1.303400 0.000000 0.000000 0.000000 1.000000
0.997200 0.002724 -0.074727 0.019000 -0.004093 0.999827 -0.018170 12.337300 0.074665 0.018425 0.997038 -1.303400 0.000000 0.000000 0.000000 1.000000
0.997366 0.002102 -0.072497 0.019000 -0.003485 0.999814 -0.018957 12.337300 0.072443 0.019160 0.997188 -1.303400 0.000000 0.000000 0.000000 1.000000
0.997677 0.002425 -0.068080 0.019000 -0.003859 0.999773 -0.020932 12.337300 0.068013 0.021146 0.997460 -1.303400 0.000000 0.000000 0.000000 1.000000
0.998067 0.003551 -0.062044 0.019000 -0.005000 0.999718 -0.023213 12.337300 0.061944 0.023479 0.997803 -1.303400 0.000000 0.000000 0.000000 1.000000
0.998431 0.004961 -0.055784 0.019000 -0.006347 0.999675 -0.024691 12.337300 0.055643 0.025006 0.998138 -1.303400 0.000000 0.000000 0.000000 1.000000
0.998723 0.006519 -0.050106 0.019000 -0.007798 0.999648 -0.025354 12.337300 0.049923 0.025713 0.998422 -1.303400 0.000000 0.000000 0.000000 1.000000
0.998962 0.008318 -0.044775 0.019000 -0.009472 0.999627 -0.025618 12.337300 0.044545 0.026016 0.998669 -1.303400 0.000000 0.000000 0.000000 1.000000</float_array><technique_common><accessor source="#Spine1-Matrix-animation-output-transform-array" count="33" stride="16"><param type="float4x4"/></accessor></technique_common></source><source id="Spine1-Interpolations"><Name_array id="Spine1-Interpolations-array" count="33">
 LINEAR LINEAR LINEAR LINEAR LINEAR LINEAR LINEAR LINEAR LINEAR LINEAR LINEAR
LINEAR LINEAR LINEAR LINEAR LINEAR LINEAR LINEAR LINEAR LINEAR LINEAR LINEAR LINEAR
LINEAR LINEAR LINEAR LINEAR LINEAR LINEAR LINEAR LINEAR LINEAR LINEAR</Name_array><technique_common><accessor source="#Spine1-Interpolations-array" count="33"><param type="name"/></accessor></technique_common></source><sampler id="Spine1-Matrix-animation-transform"><input semantic="INPUT" source="#Spine1-Matrix-animation-input"/><input semantic="OUTPUT" source="#Spine1-Matrix-animation-output-transform"/><input semantic="INTERPOLATION" source="#Spine1-Interpolations"/></sampler><channel source="#Spine1-Matrix-animation-transform" target="Spine1/matrix"/></animation>
    <animation id="Spine2-anim" name="Spine2"><source id="Spine2-Matrix-animation-input"><float_array id="Spine2-Matrix-animation-input-array" count="33">

0.000000 0.033333 0.066667 0.100000 0.133333 0.166667 0.200000 0.233333 0.266667 0.300000 0.333333 0.366667 0.400000 0.433333 0.466667 0.500000
0.533333 0.566667 0.600000 0.633333 0.666667 0.700000 0.733333 0.766667 0.800000 0.833333 0.866667 0.900000 0.933333 0.966667 1.000000 1.033333
1.066667</float_array><technique_common><accessor source="#Spine2-Matrix-animation-input-array" count="33"><param name="TIME" type="float"/></accessor></technique_common></source><source id="Spine2-Matrix-animation-output-transform"><float_array id="Spine2-Matrix-animation-output-transform-array" count="528">

0.999100 0.008092 -0.041629 0.021700 -0.009178 0.999621 -0.025946 14.099800 0.041404 0.026305 0.998796 -1.489600 0.000000 0.000000 0.000000 1.000000
0.999194 0.009133 -0.039089 0.021700 -0.010152 0.999612 -0.025947 14.099800 0.038837 0.026323 0.998899 -1.489600 0.000000 0.000000 0.000000 1.000000
0.999278 0.010473 -0.036528 0.021700 -0.011425 0.999598 -0.025943 14.099800 0.036241 0.026341 0.998996 -1.489600 0.000000 0.000000 0.000000 1.000000
0.999350 0.012003 -0.033997 0.021700 -0.012888 0.999581 -0.025935 14.099800 0.033671 0.026356 0.999085 -1.489600 0.000000 0.000000 0.000000 1.000000
0.999415 0.013370 -0.031493 0.021700 -0.014190 0.999562 -0.025951 14.099800 0.031132 0.026383 0.999167 -1.489600 0.000000 0.000000 0.000000 1.000000
0.999479 0.014077 -0.029032 0.021700 -0.014834 0.999551 -0.026039 14.099800 0.028652 0.026457 0.999239 -1.489600 0.000000 0.000000 0.000000 1.000000
0.999533 0.013836 -0.027251 0.021700 -0.014552 0.999549 -0.026258 14.099800 0.026876 0.026643 0.999284 -1.489600 0.000000 0.000000 0.000000 1.000000
0.999556 0.012659 -0.026955 0.021700 -0.013364 0.999569 -0.026127 14.099800 0.026613 0.026475 0.999295 -1.489600 0.000000 0.000000 0.000000 1.000000
0.999561 0.010831 -0.027585 0.021700 -0.011544 0.999600 -0.025835 14.099800 0.027294 0.026142 0.999286 -1.489600 0.000000 0.000000 0.000000 1.000000
0.999551 0.008753 -0.028640 0.021700 -0.009491 0.999624 -0.025729 14.099800 0.028404 0.025989 0.999259 -1.489600 0.000000 0.000000 0.000000 1.000000
0.999527 0.006877 -0.029961 0.021700 -0.007662 0.999628 -0.026165 14.099800 0.029770 0.026382 0.999209 -1.489600 0.000000 0.000000 0.000000 1.000000
0.999471 0.005618 -0.032030 0.021700 -0.006490 0.999609 -0.027205 14.099800 0.031865 0.027399 0.999117 -1.489600 0.000000 0.000000 0.000000 1.000000
0.999387 0.004675 -0.034686 0.021700 -0.005661 0.999581 -0.028391 14.099800 0.034539 0.028570 0.998995 -1.489600 0.000000 0.000000 0.000000 1.000000
0.999262 0.003943 -0.038219 0.021700 -0.005061 0.999561 -0.029196 14.099800 0.038088 0.029368 0.998843 -1.489600 0.000000 0.000000 0.000000 1.000000
0.999089 0.003312 -0.042553 0.021700 -0.004568 0.999555 -0.029462 14.099800 0.042437 0.029630 0.998660 -1.489600 0.000000 0.000000 0.000000 1.000000
0.998882 0.002674 -0.047195 0.021700 -0.004065 0.999560 -0.029397 14.099800 0.047096 0.029556 0.998453 -1.489600 0.000000 0.000000 0.000000 1.000000
0.998663 0.002107 -0.051642 0.021700 -0.003609 0.999572 -0.029016 14.099800 0.051559 0.029164 0.998244 -1.489600 0.000000 0.000000 0.000000 1.000000
0.998444 0.001609 -0.055732 0.021700 -0.003198 0.999591 -0.028425 14.099800 0.055663 0.028559 0.998041 -1.489600 0.000000 0.000000 0.000000 1.000000
0.998237 0.001270 -0.059339 0.021700 -0.002923 0.999610 -0.027770 14.099800 0.059281 0.027895 0.997852 -1.489600 0.000000 0.000000 0.000000 1.000000
0.998048 0.001224 -0.062438 0.021700 -0.002924 0.999627 -0.027137 14.099800 0.062382 0.027267 0.997680 -1.489600 0.000000 0.000000 0.000000 1.000000
0.997877 0.001616 -0.065101 0.021700 -0.003350 0.999642 -0.026534 14.099800 0.065035 0.026696 0.997526 -1.489600 0.000000 0.000000 0.000000 1.000000
0.997721 0.002469 -0.067433 0.021700 -0.004228 0.999654 -0.025959 14.099800 0.067346 0.026185 0.997386 -1.489600 0.000000 0.000000 0.000000 1.000000
0.997564 0.003388 -0.069675 0.021700 -0.005144 0.999673 -0.025029 14.099800 0.069567 0.025326 0.997256 -1.489600 0.000000 0.000000 0.000000 1.000000
0.997411 0.003840 -0.071810 0.021700 -0.005536 0.999710 -0.023425 14.099800 0.071699 0.023762 0.997143 -1.489600 0.000000 0.000000 0.000000 1.000000
0.997278 0.003483 -0.073651 0.021700 -0.005058 0.999762 -0.021211 14.099800 0.073560 0.021526 0.997058 -1.489600 0.000000 0.000000 0.000000 1.000000
0.997194 0.002305 -0.074819 0.021700 -0.003732 0.999814 -0.018932 14.099800 0.074761 0.019158 0.997017 -1.489600 0.000000 0.000000 0.000000 1.000000
0.997223 0.001062 -0.074464 0.021700 -0.002412 0.999834 -0.018046 14.099800 0.074432 0.018176 0.997060 -1.489600 0.000000 0.000000 0.000000 1.000000
0.997384 0.000410 -0.072283 0.021700 -0.001773 0.999822 -0.018782 14.099800 0.072263 0.018861 0.997207 -1.489600 0.000000 0.000000 0.000000 1.000000
0.997695 0.000715 -0.067859 0.021700 -0.002130 0.999782 -0.020780 14.099800 0.067829 0.020876 0.997478 -1.489600 0.000000 0.000000 0.000000 1.000000
0.998089 0.001874 -0.061761 0.021700 -0.003309 0.999727 -0.023146 14.099800 0.061701 0.023306 0.997823 -1.489600 0.000000 0.000000 0.000000 1.000000
0.998457 0.003387 -0.055431 0.021700 -0.004763 0.999683 -0.024722 14.099800 0.055329 0.024948 0.998156 -1.489600 0.000000 0.000000 0.000000 1.000000
0.998752 0.005096 -0.049680 0.021700 -0.006366 0.999656 -0.025430 14.099800 0.049533 0.025715 0.998441 -1.489600 0.000000 0.000000 0.000000 1.000000
0.998995 0.007061 -0.044273 0.021700 -0.008209 0.999633 -0.025812 14.099800 0.044074 0.026149 0.998686 -1.489600 0.000000 0.000000 0.000000 1.000000</float_array><technique_common><accessor source="#Spine2-Matrix-animation-output-transform-array" count="33" stride="16"><param type="float4x4"/></accessor></technique_common></source><source id="Spine2-Interpolations"><Name_array id="Spine2-Interpolations-array" count="33">
 LINEAR LINEAR LINEAR LINEAR LINEAR LINEAR LINEAR LINEAR LINEAR LINEAR LINEAR
LINEAR LINEAR LINEAR LINEAR LINEAR LINEAR LINEAR LINEAR LINEAR LINEAR LINEAR LINEAR
LINEAR LINEAR LINEAR LINEAR LINEAR LINEAR LINEAR LINEAR LINEAR LINEAR</Name_array><technique_common><accessor source="#Spine2-Interpolations-array" count="33"><param type="name"/></accessor></technique_common></source><sampler id="Spine2-Matrix-animation-transform"><input semantic="INPUT" source="#Spine2-Matrix-animation-input"/><input semantic="OUTPUT" source="#Spine2-Matrix-animation-output-transform"/><input semantic="INTERPOLATION" source="#Spine2-Interpolations"/></sampler><channel source="#Spine2-Matrix-animation-transform" target="Spine2/matrix"/></animation>
    <animation id="Neck-anim" name="Neck"><source id="Neck-Matrix-animation-input"><float_array id="Neck-Matrix-animation-input-array" count="33">

0.000000 0.033333 0.066667 0.100000 0.133333 0.166667 0.200000 0.233333 0.266667 0.300000 0.333333 0.366667 0.400000 0.433333 0.466667 0.500000
0.533333 0.566667 0.600000 0.633333 0.666667 0.700000 0.733333 0.766667 0.800000 0.833333 0.866667 0.900000 0.933333 0.966667 1.000000 1.033333
1.066667</float_array><technique_common><accessor source="#Neck-Matrix-animation-input-array" count="33"><param name="TIME" type="float"/></accessor></technique_common></source><source id="Neck-Matrix-animation-output-transform"><float_array id="Neck-Matrix-animation-output-transform-array" count="528">

0.997691 0.065360 0.018444 0.024400 -0.061866 0.986723 -0.150170 15.862300 -0.028014 0.148683 0.988488 -1.675800 0.000000 0.000000 0.000000 1.000000
0.997631 0.066369 0.018094 0.024400 -0.062833 0.986212 -0.153092 15.862300 -0.028005 0.151593 0.988046 -1.675800 0.000000 0.000000 0.000000 1.000000
0.997527 0.067924 0.018051 0.024400 -0.064268 0.985526 -0.156872 15.862300 -0.028445 0.155324 0.987454 -1.675800 0.000000 0.000000 0.000000 1.000000
0.997373 0.069925 0.018889 0.024400 -0.066007 0.984833 -0.160462 15.862300 -0.029822 0.158794 0.986861 -1.675800 0.000000 0.000000 0.000000 1.000000
0.997172 0.072228 0.020762 0.024400 -0.067914 0.984352 -0.162600 15.862300 -0.032181 0.160730 0.986474 -1.675800 0.000000 0.000000 0.000000 1.000000
0.996937 0.074652 0.023310 0.024400 -0.069906 0.984255 -0.162343 15.862300 -0.035062 0.160217 0.986459 -1.675800 0.000000 0.000000 0.000000 1.000000
0.996737 0.076491 0.025781 0.024400 -0.071411 0.984508 -0.160138 15.862300 -0.037631 0.157775 0.986758 -1.675800 0.000000 0.000000 0.000000 1.000000
0.996649 0.076987 0.027619 0.024400 -0.071666 0.984715 -0.158746 15.862300 -0.039419 0.156234 0.986933 -1.675800 0.000000 0.000000 0.000000 1.000000
0.996676 0.076206 0.028820 0.024400 -0.070704 0.984777 -0.158796 15.862300 -0.040482 0.156230 0.986891 -1.675800 0.000000 0.000000 0.000000 1.000000
0.996759 0.074764 0.029682 0.024400 -0.069106 0.984741 -0.159716 15.862300 -0.041170 0.157147 0.986717 -1.675800 0.000000 0.000000 0.000000 1.000000
0.996805 0.073728 0.030716 0.024400 -0.067906 0.984772 -0.160043 15.862300 -0.042048 0.157446 0.986632 -1.675800 0.000000 0.000000 0.000000 1.000000
0.996680 0.074623 0.032552 0.024400 -0.068579 0.985009 -0.158283 15.862300 -0.043876 0.155526 0.986857 -1.675800 0.000000 0.000000 0.000000 1.000000
0.996468 0.076439 0.034777 0.024400 -0.070157 0.985337 -0.155527 15.862300 -0.046155 0.152538 0.987219 -1.675800 0.000000 0.000000 0.000000 1.000000
0.996232 0.078374 0.037150 0.024400 -0.071863 0.985706 -0.152380 15.862300 -0.048562 0.149136 0.987624 -1.675800 0.000000 0.000000 0.000000 1.000000
0.996008 0.080039 0.039512 0.024400 -0.073325 0.986092 -0.149153 15.862300 -0.050901 0.145661 0.988024 -1.675800 0.000000 0.000000 0.000000 1.000000
0.995801 0.081470 0.041748 0.024400 -0.074594 0.986492 -0.145838 15.862300 -0.053065 0.142111 0.988427 -1.675800 0.000000 0.000000 0.000000 1.000000
0.995626 0.082693 0.043485 0.024400 -0.075774 0.986968 -0.141958 15.862300 -0.054657 0.138042 0.988917 -1.675800 0.000000 0.000000 0.000000 1.000000
0.995489 0.083759 0.044564 0.024400 -0.076934 0.987516 -0.137452 15.862300 -0.055521 0.133404 0.989505 -1.675800 0.000000 0.000000 0.000000 1.000000
0.995425 0.084288 0.044987 0.024400 -0.077670 0.988106 -0.132721 15.862300 -0.055639 0.128620 0.990132 -1.675800 0.000000 0.000000 0.000000 1.000000
0.995462 0.083947 0.044808 0.024400 -0.077614 0.988724 -0.128065 15.862300 -0.055053 0.124006 0.990753 -1.675800 0.000000 0.000000 0.000000 1.000000
0.995610 0.082559 0.044097 0.024400 -0.076567 0.989372 -0.123615 15.862300 -0.053834 0.119696 0.991350 -1.675800 0.000000 0.000000 0.000000 1.000000
0.995860 0.080185 0.042816 0.024400 -0.074580 0.990034 -0.119460 15.862300 -0.051968 0.115772 0.991915 -1.675800 0.000000 0.000000 0.000000 1.000000
0.996093 0.078035 0.041343 0.024400 -0.072767 0.990529 -0.116432 15.862300 -0.050037 0.112968 0.992338 -1.675800 0.000000 0.000000 0.000000 1.000000
0.996242 0.076781 0.040072 0.024400 -0.071746 0.990799 -0.114757 15.862300 -0.048514 0.111451 0.992585 -1.675800 0.000000 0.000000 0.000000 1.000000
0.996322 0.076285 0.039022 0.024400 -0.071400 0.990897 -0.114131 15.862300 -0.047373 0.110925 0.992699 -1.675800 0.000000 0.000000 0.000000 1.000000
0.996421 0.075626 0.037755 0.024400 -0.070898 0.990964 -0.113856 15.862300 -0.046024 0.110772 0.992780 -1.675800 0.000000 0.000000 0.000000 1.000000
0.996680 0.073400 0.035221 0.024400 -0.068988 0.991158 -0.113342 15.862300 -0.043229 0.110536 0.992932 -1.675800 0.000000 0.000000 0.000000 1.000000
0.997011 0.070561 0.031481 0.024400 -0.066544 0.991223 -0.114235 15.862300 -0.039265 0.111799 0.992955 -1.675800 0.000000 0.000000 0.000000 1.000000
0.997275 0.068583 0.027192 0.024400 -0.064904 0.990813 -0.118648 15.862300 -0.035080 0.116560 0.992564 -1.675800 0.000000 0.000000 0.000000 1.000000
0.997401 0.068164 0.023338 0.024400 -0.064691 0.989862 -0.126443 15.862300 -0.031721 0.124605 0.991699 -1.675800 0.000000 0.000000 0.000000 1.000000
0.997401 0.068950 0.020918 0.024400 -0.065511 0.988659 -0.135136 15.862300 -0.029998 0.133414 0.990606 -1.675800 0.000000 0.000000 0.000000 1.000000
0.997417 0.069014 0.019917 0.024400 -0.065518 0.987755 -0.141589 15.862300 -0.029445 0.139919 0.989725 -1.675800 0.000000 0.000000 0.000000 1.000000
0.997582 0.066872 0.018944 0.024400 -0.063368 0.987049 -0.147374 15.862300 -0.028554 0.145817 0.988899 -1.675800 0.000000 0.000000 0.000000 1.000000</float_array><technique_common><accessor source="#Neck-Matrix-animation-output-transform-array" count="33" stride="16"><param type="float4x4"/></accessor></technique_common></source><source id="Neck-Interpolations"><Name_array id="Neck-Interpolations-array" count="33">
 LINEAR LINEAR LINEAR LINEAR LINEAR LINEAR LINEAR LINEAR LINEAR LINEAR LINEAR
LINEAR LINEAR LINEAR LINEAR LINEAR LINEAR LINEAR LINEAR LINEAR LINEAR LINEAR LINEAR
LINEAR LINEAR LINEAR LINEAR LINEAR LINEAR LINEAR LINEAR LINEAR LINEAR</Name_array><technique_common><accessor source="#Neck-Interpolations-array" count="33"><param type="name"/></accessor></technique_common></source><sampler id="Neck-Matrix-animation-transform"><input semantic="INPUT" source="#Neck-Matrix-animation-input"/><input semantic="OUTPUT" source="#Neck-Matrix-animation-output-transform"/><input semantic="INTERPOLATION" source="#Neck-Interpolations"/></sampler><channel source="#Neck-Matrix-animation-transform" target="Neck/matrix"/></animation>
    <animation id="Head-anim" name="Head"><source id="Head-Matrix-animation-input"><float_array id="Head-Matrix-animation-input-array" count="33">

0.000000 0.033333 0.066667 0.100000 0.133333 0.166667 0.200000 0.233333 0.266667 0.300000 0.333333 0.366667 0.400000 0.433333 0.466667 0.500000
0.533333 0.566667 0.600000 0.633333 0.666667 0.700000 0.733333 0.766667 0.800000 0.833333 0.866667 0.900000 0.933333 0.966667 1.000000 1.033333
1.066667</float_array><technique_common><accessor source="#Head-Matrix-animation-input-array" count="33"><param name="TIME" type="float"/></accessor></technique_common></source><source id="Head-Matrix-animation-output-transform"><float_array id="Head-Matrix-animation-output-transform-array" count="528">

0.979181 -0.053729 0.195749 0.000000 -0.007193 0.954544 0.297982 5.564000 -0.202862 -0.293187 0.934285 0.988100 0.000000 0.000000 0.000000 1.000000
0.978766 -0.056163 0.197136 -0.000000 -0.006396 0.952896 0.303230 5.564000 -0.204880 -0.298052 0.932303 0.988100 0.000000 0.000000 0.000000 1.000000
0.978178 -0.058839 0.199265 -0.000000 -0.005574 0.951287 0.308257 5.564000 -0.207695 -0.302641 0.930199 0.988100 0.000000 0.000000 0.000000 1.000000
0.977092 -0.060553 0.204020 0.000000 -0.006242 0.950099 0.311885 5.564000 -0.212725 -0.306014 0.927957 0.988100 0.000000 0.000000 0.000000 1.000000
0.975409 -0.060573 0.211916 -0.000000 -0.009112 0.949590 0.313363 5.564000 -0.220215 -0.307588 0.925686 0.988100 0.000000 0.000000 0.000000 1.000000
0.973333 -0.058996 0.221679 0.000000 -0.013648 0.949758 0.312687 5.564000 -0.228988 -0.307374 0.923626 0.988100 0.000000 0.000000 0.000000 1.000000
0.971428 -0.057191 0.230341 0.000000 -0.017827 0.950208 0.311107 5.564000 -0.236664 -0.306324 0.922039 0.988100 0.000000 0.000000 0.000000 1.000000
0.970150 -0.056145 0.235919 0.000000 -0.020100 0.950866 0.308948 5.564000 -0.241673 -0.304468 0.921354 0.988100 0.000000 0.000000 0.000000 1.000000
0.969466 -0.055968 0.238755 0.000000 -0.020493 0.951712 0.306308 5.564000 -0.244370 -0.301848 0.921505 0.988100 0.000000 0.000000 0.000000 1.000000
0.969148 -0.056646 0.239882 0.000000 -0.019526 0.952530 0.303817 5.564000 -0.245705 -0.299128 0.922037 0.988100 0.000000 0.000000 0.000000 1.000000
0.968872 -0.058079 0.240654 -0.000000 -0.018039 0.952945 0.302607 5.564000 -0.246905 -0.297529 0.922233 0.988100 0.000000 0.000000 0.000000 1.000000
0.968272 -0.059537 0.242705 0.000000 -0.017483 0.952686 0.303452 5.564000 -0.249288 -0.298067 0.921418 0.988100 0.000000 0.000000 0.000000 1.000000
0.967500 -0.060779 0.245457 -0.000000 -0.017549 0.952207 0.304950 5.564000 -0.252260 -0.299347 0.920193 0.988100 0.000000 0.000000 0.000000 1.000000
0.966630 -0.061521 0.248679 0.000000 -0.018081 0.951931 0.305779 5.564000 -0.255537 -0.300071 0.919053 0.988100 0.000000 0.000000 0.000000 1.000000
0.965730 -0.061791 0.252088 -0.000000 -0.018843 0.951994 0.305536 5.564000 -0.258866 -0.299815 0.918204 0.988100 0.000000 0.000000 0.000000 1.000000
0.964897 -0.061979 0.255211 0.000000 -0.019456 0.952216 0.304806 5.564000 -0.261907 -0.299072 0.917584 0.988100 0.000000 0.000000 0.000000 1.000000
0.964463 -0.062785 0.256649 0.000000 -0.019015 0.952344 0.304434 5.564000 -0.263532 -0.298495 0.917307 0.988100 0.000000 0.000000 0.000000 1.000000
0.964586 -0.064323 0.255804 0.000000 -0.017361 0.952225 0.304904 5.564000 -0.263195 -0.298547 0.917387 0.988100 0.000000 0.000000 0.000000 1.000000
0.965230 -0.066782 0.252727 0.000000 -0.014299 0.951879 0.306141 5.564000 -0.261010 -0.299110 0.917827 0.988100 0.000000 0.000000 0.000000 1.000000
0.966290 -0.070212 0.247698 0.000000 -0.009778 0.951393 0.307825 5.564000 -0.257271 -0.299870 0.918635 0.988100 0.000000 0.000000 0.000000 1.000000
0.967639 -0.074440 0.241107 -0.000000 -0.003964 0.950896 0.309487 5.564000 -0.252306 -0.300427 0.919829 0.988100 0.000000 0.000000 0.000000 1.000000
0.969243 -0.078879 0.233123 0.000000 0.002606 0.950481 0.310770 5.564000 -0.246092 -0.300604 0.921453 0.988100 0.000000 0.000000 0.000000 1.000000
0.970811 -0.081287 0.225651 -0.000000 0.007553 0.950711 0.309986 5.564000 -0.239727 -0.299233 0.923575 0.988100 0.000000 0.000000 0.000000 1.000000
0.972157 -0.080863 0.219936 0.000000 0.009938 0.951956 0.306072 5.564000 -0.234119 -0.295365 0.926255 0.988100 0.000000 0.000000 0.000000 1.000000
0.973290 -0.077682 0.216037 0.000000 0.009702 0.954091 0.299360 5.564000 -0.229374 -0.289268 0.929361 0.988100 0.000000 0.000000 0.000000 1.000000
0.974400 -0.072658 0.212758 0.000000 0.007592 0.956432 0.291857 5.564000 -0.224694 -0.282770 0.932499 0.988100 0.000000 0.000000 0.000000 1.000000
0.975863 -0.067907 0.207557 -0.000000 0.005207 0.957391 0.288748 5.564000 -0.218321 -0.280698 0.934636 0.988100 0.000000 0.000000 0.000000 1.000000
0.977596 -0.064140 0.200478 0.000000 0.003312 0.957012 0.290030 5.564000 -0.210462 -0.282868 0.935784 0.988100 0.000000 0.000000 0.000000 1.000000
0.979252 -0.061248 0.193168 0.000000 0.001896 0.955959 0.293495 5.564000 -0.202637 -0.287039 0.936241 0.988100 0.000000 0.000000 0.000000 1.000000
0.980452 -0.058726 0.187791 0.000000 0.000390 0.954998 0.296611 5.564000 -0.196759 -0.290740 0.936353 0.988100 0.000000 0.000000 0.000000 1.000000
0.980871 -0.055984 0.186435 0.000000 -0.002054 0.954720 0.297498 5.564000 -0.194648 -0.292190 0.936342 0.988100 0.000000 0.000000 0.000000 1.000000
0.980417 -0.053540 0.189517 0.000000 -0.005488 0.954533 0.298055 5.564000 -0.196858 -0.293258 0.935546 0.988100 0.000000 0.000000 0.000000 1.000000
0.979629 -0.053362 0.193597 -0.000000 -0.006912 0.954518 0.298072 5.564000 -0.200698 -0.293338 0.934705 0.988100 0.000000 0.000000 0.000000 1.000000</float_array><technique_common><accessor source="#Head-Matrix-animation-output-transform-array" count="33" stride="16"><param type="float4x4"/></accessor></technique_common></source><source id="Head-Interpolations"><Name_array id="Head-Interpolations-array" count="33">
 LINEAR LINEAR LINEAR LINEAR LINEAR LINEAR LINEAR LINEAR LINEAR LINEAR LINEAR
LINEAR LINEAR LINEAR LINEAR LINEAR LINEAR LINEAR LINEAR LINEAR LINEAR LINEAR LINEAR
