<?xml version="1.0" encoding="utf-8"?>
<COLLADA xmlns="http://www.collada.org/2005/11/COLLADASchema" version="1.4.1">
  <asset><contributor><author>Mixamo</author><authoring_tool>COLLADA Mixamo exporter</authoring_tool><comments></comments></contributor><created>2018-10-14T15:30:38Z</created><modified>2018-10-14T15:30:38Z</modified><revision></revision><title></title><unit meter="0.010000"/><up_axis>Y_UP</up_axis></asset>
  <library_animations>
    <animation id="Hips-anim" name="Hips"><source id="Hips-Matrix-animation-input"><float_array id="Hips-Matrix-animation-input-array" count="38">

0.000000 0.033333 0.066667 0.100000 0.133333 0.166667 0.200000 0.233333 0.266667 0.300000 0.333333 0.366667 0.400000 0.433333 0.466667 0.500000
0.533333 0.566667 0.600000 0.633333 0.666667 0.700000 0.733333 0.766667 0.800000 0.833333 0.866667 0.900000 0.933333 0.966667 1.000000 1.033333
1.066667 1.100000 1.133333 1.166667 1.200000 1.233333</float_array><technique_common><accessor source="#Hips-Matrix-animation-input-array" count="38"><param name="TIME" type="float"/></accessor></technique_common></source><source id="Hips-Matrix-animation-output-transform"><float_array id="Hips-Matrix-animation-output-transform-array" count="608">

0.691225 -0.000608 -0.722640 -1.608426 0.068866 0.995504 0.065034 87.043617 0.719351 -0.094719 0.688159 1.329358 0.000000 0.000000 0.000000 1.000000
0.715351 0.006791 -0.698733 -2.286630 0.085879 0.991518 0.097558 87.382889 0.693468 -0.129795 0.708699 1.582105 0.000000 0.000000 0.000000 1.000000
0.762047 0.017897 -0.647275 -3.665160 0.108722 0.981890 0.155149 88.228401 0.638329 -0.188604 0.746300 2.775437 0.000000 0.000000 0.000000 1.000000
0.821030 0.021865 -0.570466 -5.764594 0.138122 0.961970 0.235660 89.706535 0.553924 -0.272278 0.786787 5.053921 0.000000 0.000000 0.000000 1.000000
0.869188 0.010452 -0.494372 -8.118473 0.171717 0.931177 0.321593 91.579437 0.463709 -0.364417 0.807573 7.866316 0.000000 0.000000 0.000000 1.000000
0.888116 -0.006111 -0.459579 -9.930132 0.205796 0.899365 0.385733 93.308395 0.410972 -0.437155 0.799998 10.138244 0.000000 0.000000 0.000000 1.000000
0.876294 -0.010116 -0.481670 -10.643825 0.237965 0.878396 0.414479 94.314575 0.418905 -0.477826 0.772141 10.982227 0.000000 0.000000 0.000000 1.000000
0.851748 -0.008427 -0.523883 -10.764807 0.269424 0.864594 0.424132 94.691673 0.449372 -0.502400 0.738687 10.921220 0.000000 0.000000 0.000000 1.000000
0.827325 -0.010249 -0.561630 -10.740485 0.300152 0.853194 0.426578 94.661514 0.474807 -0.521493 0.708945 10.549131 0.000000 0.000000 0.000000 1.000000
0.808693 -0.018897 -0.587927 -10.747415 0.330181 0.841759 0.427109 94.349541 0.486822 -0.539522 0.686964 10.160528 0.000000 0.000000 0.000000 1.000000
0.792050 -0.030597 -0.609689 -10.670233 0.357797 0.832478 0.423038 93.757988 0.494609 -0.553212 0.670312 9.701180 0.000000 0.000000 0.000000 1.000000
0.770388 -0.039754 -0.636335 -10.302770 0.382939 0.826831 0.411956 92.901009 0.509765 -0.561043 0.652204 9.007274 0.000000 0.000000 0.000000 1.000000
0.745106 -0.048568 -0.665175 -9.655344 0.406837 0.823396 0.395605 91.959999 0.528488 -0.565386 0.633277 8.168076 0.000000 0.000000 0.000000 1.000000
0.717858 -0.060183 -0.693584 -8.780969 0.429014 0.822858 0.372628 91.024422 0.548295 -0.565051 0.616514 7.249350 0.000000 0.000000 0.000000 1.000000
0.689056 -0.076151 -0.720696 -7.724538 0.448917 0.825544 0.341979 90.132538 0.568924 -0.559176 0.603032 6.284366 0.000000 0.000000 0.000000 1.000000
0.657704 -0.095563 -0.747191 -6.511574 0.465727 0.831205 0.303641 89.279083 0.592051 -0.547692 0.591192 5.275030 0.000000 0.000000 0.000000 1.000000
0.623677 -0.114190 -0.773296 -5.152615 0.478301 0.838208 0.261984 88.435432 0.618267 -0.533262 0.577388 4.234709 0.000000 0.000000 0.000000 1.000000
0.588436 -0.130439 -0.797953 -3.716360 0.485717 0.846007 0.219889 87.646614 0.646391 -0.516970 0.561178 3.187812 0.000000 0.000000 0.000000 1.000000
0.554277 -0.146964 -0.819255 -2.313720 0.487046 0.855446 0.176061 86.957520 0.674954 -0.496601 0.545733 2.138737 0.000000 0.000000 0.000000 1.000000
0.524574 -0.166623 -0.834900 -1.041117 0.481610 0.866747 0.129621 86.394653 0.702050 -0.470092 0.534920 1.086012 0.000000 0.000000 0.000000 1.000000
0.503150 -0.190465 -0.842949 0.042251 0.469310 0.879269 0.081456 85.959328 0.725664 -0.436588 0.531791 0.022944 0.000000 0.000000 0.000000 1.000000
0.492221 -0.212663 -0.844093 0.969925 0.451194 0.891596 0.038477 85.618050 0.744407 -0.399789 0.534814 -1.069605 0.000000 0.000000 0.000000 1.000000
0.488888 -0.227540 -0.842149 1.801690 0.428333 0.903610 0.004512 85.323837 0.759947 -0.362926 0.539227 -2.234963 0.000000 0.000000 0.000000 1.000000
0.490624 -0.235673 -0.838896 2.553859 0.400489 0.916010 -0.023112 85.048347 0.773884 -0.324629 0.543801 -3.502449 0.000000 0.000000 0.000000 1.000000
0.496016 -0.240263 -0.834411 3.229525 0.367679 0.928669 -0.048837 84.785065 0.786625 -0.282572 0.548975 -4.866586 0.000000 0.000000 0.000000 1.000000
0.504710 -0.245318 -0.827700 3.825696 0.330526 0.940631 -0.077242 84.549774 0.797509 -0.234591 0.555830 -6.278629 0.000000 0.000000 0.000000 1.000000
0.515496 -0.251337 -0.819203 4.352437 0.291293 0.950482 -0.108314 84.380753 0.805861 -0.182793 0.563182 -7.619430 0.000000 0.000000 0.000000 1.000000
0.523475 -0.253393 -0.813490 4.794176 0.250768 0.958286 -0.137128 84.281654 0.814303 -0.132214 0.565181 -8.751967 0.000000 0.000000 0.000000 1.000000
0.525325 -0.248377 -0.813844 5.118121 0.207933 0.964924 -0.160267 84.223160 0.825104 -0.085033 0.558545 -9.607703 0.000000 0.000000 0.000000 1.000000
0.520199 -0.236358 -0.820687 5.316367 0.163095 0.970750 -0.176197 84.191147 0.838327 -0.042193 0.543532 -10.172469 0.000000 0.000000 0.000000 1.000000
0.510273 -0.220088 -0.831374 5.415166 0.118109 0.975474 -0.185743 84.198105 0.851863 -0.003413 0.523753 -10.477732 0.000000 0.000000 0.000000 1.000000
0.500484 -0.203926 -0.841385 5.491723 0.078197 0.978538 -0.190653 84.301903 0.862207 0.029625 0.505689 -10.560845 0.000000 0.000000 0.000000 1.000000
0.491165 -0.187380 -0.850674 5.556489 0.046257 0.980821 -0.189340 84.522774 0.869838 0.053647 0.490412 -10.424553 0.000000 0.000000 0.000000 1.000000
0.480896 -0.168779 -0.860379 5.553233 0.020833 0.983220 -0.181232 84.811600 0.876530 0.069230 0.476343 -10.092895 0.000000 0.000000 0.000000 1.000000
0.468802 -0.147975 -0.870821 5.426368 0.000345 0.985899 -0.167344 85.104958 0.883303 0.078150 0.462242 -9.615976 0.000000 0.000000 0.000000 1.000000
0.455613 -0.126617 -0.881127 5.142520 -0.016191 0.988490 -0.150418 85.344925 0.890030 0.082799 0.448319 -9.062132 0.000000 0.000000 0.000000 1.000000
0.445226 -0.107845 -0.888900 4.735865 -0.027004 0.990652 -0.133715 85.523796 0.895011 0.083537 0.438151 -8.478460 0.000000 0.000000 0.000000 1.000000
0.442933 -0.091188 -0.891905 4.245764 -0.029361 0.992805 -0.116086 85.686829 0.896074 0.077606 0.437069 -7.830607 0.000000 0.000000 0.000000 1.000000</float_array><technique_common><accessor source="#Hips-Matrix-animation-output-transform-array" count="38" stride="16"><param type="float4x4"/></accessor></technique_common></source><source id="Hips-Interpolations"><Name_array id="Hips-Interpolations-array" count="38">
 LINEAR LINEAR LINEAR LINEAR LINEAR LINEAR LINEAR LINEAR LINEAR LINEAR LINEAR
LINEAR LINEAR LINEAR LINEAR LINEAR LINEAR LINEAR LINEAR LINEAR LINEAR LINEAR LINEAR
LINEAR LINEAR LINEAR LINEAR LINEAR LINEAR LINEAR LINEAR LINEAR LINEAR LINEAR LINEAR
LINEAR LINEAR LINEAR</Name_array><technique_common><accessor source="#Hips-Interpolations-array" count="38"><param type="name"/></accessor></technique_common></source><sampler id="Hips-Matrix-animation-transform"><input semantic="INPUT" source="#Hips-Matrix-animation-input"/><input semantic="OUTPUT" source="#Hips-Matrix-animation-output-transform"/><input semantic="INTERPOLATION" source="#Hips-Interpolations"/></sampler><channel source="#Hips-Matrix-animation-transform" target="Hips/matrix"/></animation>
    <animation id="Spine-anim" name="Spine"><source id="Spine-Matrix-animation-input"><float_array id="Spine-Matrix-animation-input-array" count="38">

0.000000 0.033333 0.066667 0.100000 0.133333 0.166667 0.200000 0.233333 0.266667 0.300000 0.333333 0.366667 0.400000 0.433333 0.466667 0.500000
0.533333 0.566667 0.600000 0.633333 0.666667 0.700000 0.733333 0.766667 0.800000 0.833333 0.866667 0.900000 0.933333 0.966667 1.000000 1.033333
1.066667 1.100000 1.133333 1.166667 1.200000 1.233333</float_array><technique_common><accessor source="#Spine-Matrix-animation-input-array" count="38"><param name="TIME" type="float"/></accessor></technique_common></source><source id="Spine-Matrix-animation-output-transform"><float_array id="Spine-Matrix-animation-output-transform-array" count="608">

0.991597 0.033123 0.125053 0.000000 -0.012323 0.986455 -0.163568 9.526300 -0.128777 0.160653 0.978574 1.643800 0.000000 0.000000 0.000000 1.000000
0.994067 0.026302 0.105545 -0.000000 -0.010016 0.988336 -0.151962 9.526300 -0.108311 0.150003 0.982735 1.643800 0.000000 0.000000 0.000000 1.000000
0.995264 0.015604 0.095946 -0.000000 -0.003837 0.992569 -0.121626 9.526300 -0.097131 0.120681 0.987928 1.643800 0.000000 0.000000 0.000000 1.000000
0.994646 0.004271 0.103257 0.000000 0.002952 0.997564 -0.069697 9.526300 -0.103303 0.069629 0.992210 1.643800 0.000000 0.000000 0.000000 1.000000
0.992148 -0.005205 0.124957 0.000000 0.006027 0.999963 -0.006202 9.526300 -0.124920 0.006906 0.992143 1.643800 0.000000 0.000000 0.000000 1.000000
0.988726 -0.010082 0.149394 -0.000000 0.002872 0.998824 0.048399 9.526300 -0.149707 -0.047424 0.987592 1.643800 0.000000 0.000000 0.000000 1.000000
0.987280 -0.015370 0.158246 0.000000 0.003139 0.997007 0.077250 9.526300 -0.158960 -0.075770 0.984373 1.643800 0.000000 0.000000 0.000000 1.000000
0.988290 -0.026425 0.150282 0.000000 0.013084 0.995939 0.089073 9.526300 -0.152026 -0.086064 0.984622 1.643800 0.000000 0.000000 0.000000 1.000000
0.989924 -0.042678 0.135013 0.000000 0.029987 0.995057 0.094671 9.526300 -0.138386 -0.089669 0.986311 1.643800 0.000000 0.000000 0.000000 1.000000
0.990572 -0.061698 0.122314 0.000000 0.049680 0.993849 0.098976 9.526300 -0.127669 -0.091966 0.987544 1.643800 0.000000 0.000000 0.000000 1.000000
0.989624 -0.080324 0.119132 -0.000000 0.068518 0.992617 0.100086 9.526300 -0.126291 -0.090885 0.987821 1.643800 0.000000 0.000000 0.000000 1.000000
0.987573 -0.097773 0.123046 -0.000000 0.086826 0.992022 0.091399 9.526300 -0.131001 -0.079579 0.988183 1.643800 0.000000 0.000000 0.000000 1.000000
0.985268 -0.114340 0.127173 0.000000 0.105461 0.991628 0.074509 9.526300 -0.134628 -0.060000 0.989078 1.643800 0.000000 0.000000 0.000000 1.000000
0.983111 -0.129568 0.129244 0.000000 0.123566 0.990895 0.053459 9.526300 -0.134994 -0.036586 0.990171 1.643800 0.000000 0.000000 0.000000 1.000000
0.981265 -0.143035 0.129072 0.000000 0.140154 0.989639 0.031180 9.526300 -0.132195 -0.012506 0.991145 1.643800 0.000000 0.000000 0.000000 1.000000
0.979682 -0.154266 0.128162 -0.000000 0.154451 0.987963 0.008555 9.526300 -0.127939 0.011414 0.991716 1.643800 0.000000 0.000000 0.000000 1.000000
0.978223 -0.162888 0.128635 0.000000 0.166457 0.985895 -0.017427 9.526300 -0.123982 0.038460 0.991539 1.643800 0.000000 0.000000 0.000000 1.000000
0.976994 -0.168580 0.130629 0.000000 0.175957 0.983272 -0.047073 9.526300 -0.120508 0.068975 0.990313 1.643800 0.000000 0.000000 0.000000 1.000000
0.976147 -0.171813 0.132732 0.000000 0.182845 0.980210 -0.075868 9.526300 -0.117070 0.098327 0.988244 1.643800 0.000000 0.000000 0.000000 1.000000
0.975826 -0.173368 0.133065 -0.000000 0.187205 0.977258 -0.099606 9.526300 -0.112770 0.122109 0.986089 1.643800 0.000000 0.000000 0.000000 1.000000
0.976147 -0.173952 0.129916 0.000000 0.189236 0.975013 -0.116357 9.526300 -0.106429 0.138167 0.984674 1.643800 0.000000 0.000000 0.000000 1.000000
0.977223 -0.172840 0.123135 0.000000 0.188780 0.973061 -0.132343 9.526300 -0.096943 0.152574 0.983526 1.643800 0.000000 0.000000 0.000000 1.000000
0.978951 -0.168749 0.114800 0.000000 0.185335 0.970572 -0.153756 9.526300 -0.085476 0.171796 0.981417 1.643800 0.000000 0.000000 0.000000 1.000000
0.981060 -0.161874 0.106390 -0.000000 0.179091 0.967274 -0.179743 9.526300 -0.073813 0.195392 0.977944 1.643800 0.000000 0.000000 0.000000 1.000000
0.983347 -0.152844 0.098319 -0.000000 0.170415 0.963461 -0.206645 9.526300 -0.063142 0.219959 0.973463 1.643800 0.000000 0.000000 0.000000 1.000000
0.985716 -0.142323 0.090044 0.000000 0.159600 0.960111 -0.229597 9.526300 -0.053775 0.240688 0.969112 1.643800 0.000000 0.000000 0.000000 1.000000
0.988257 -0.129858 0.080531 0.000000 0.145990 0.958028 -0.246718 9.526300 -0.045113 0.255577 0.965736 1.643800 0.000000 0.000000 0.000000 1.000000
0.990993 -0.114239 0.069870 0.000000 0.128652 0.956995 -0.260017 9.526300 -0.037161 0.266664 0.963073 1.643800 0.000000 0.000000 0.000000 1.000000
0.993731 -0.095585 0.057980 0.000000 0.107791 0.956770 -0.270134 9.526300 -0.029653 0.274691 0.961075 1.643800 0.000000 0.000000 0.000000 1.000000
0.996185 -0.075118 0.044417 0.000000 0.084514 0.957286 -0.276515 9.526300 -0.021748 0.279214 0.959983 1.643800 0.000000 0.000000 0.000000 1.000000
0.998078 -0.054837 0.028874 0.000000 0.060712 0.958698 -0.277872 9.526300 -0.012443 0.279091 0.960184 1.643800 0.000000 0.000000 0.000000 1.000000
0.999240 -0.036566 0.013490 0.000000 0.038867 0.960602 -0.275197 9.526300 -0.002896 0.275512 0.961293 1.643800 0.000000 0.000000 0.000000 1.000000
0.999797 -0.019936 0.002888 0.000000 0.019973 0.962378 -0.270979 9.526300 0.002622 0.270982 0.962581 1.643800 0.000000 0.000000 0.000000 1.000000
0.999991 -0.004252 -0.000507 -0.000000 0.003964 0.964091 -0.265544 9.526300 0.001618 0.265539 0.964099 1.643800 0.000000 0.000000 0.000000 1.000000
0.999934 0.010975 0.003406 0.000000 -0.009726 0.966115 -0.257928 9.526300 -0.006121 0.257878 0.966158 1.643800 0.000000 0.000000 0.000000 1.000000
0.999588 0.025780 0.012582 0.000000 -0.021887 0.968924 -0.246389 9.526300 -0.018543 0.246012 0.969089 1.643800 0.000000 0.000000 0.000000 1.000000
0.998945 0.039353 0.023688 -0.000000 -0.032835 0.972443 -0.230816 9.526300 -0.032119 0.229794 0.972709 1.643800 0.000000 0.000000 0.000000 1.000000
0.998139 0.050013 0.034892 0.000000 -0.041368 0.975706 -0.215144 9.526300 -0.044804 0.213300 0.975959 1.643800 0.000000 0.000000 0.000000 1.000000</float_array><technique_common><accessor source="#Spine-Matrix-animation-output-transform-array" count="38" stride="16"><param type="float4x4"/></accessor></technique_common></source><source id="Spine-Interpolations"><Name_array id="Spine-Interpolations-array" count="38">
 LINEAR LINEAR LINEAR LINEAR LINEAR LINEAR LINEAR LINEAR LINEAR LINEAR LINEAR
LINEAR LINEAR LINEAR LINEAR LINEAR LINEAR LINEAR LINEAR LINEAR LINEAR LINEAR LINEAR
LINEAR LINEAR LINEAR LINEAR LINEAR LINEAR LINEAR LINEAR LINEAR LINEAR LINEAR LINEAR
LINEAR LINEAR LINEAR</Name_array><technique_common><accessor source="#Spine-Interpolations-array" count="38"><param type="name"/></accessor></technique_common></source><sampler id="Spine-Matrix-animation-transform"><input semantic="INPUT" source="#Spine-Matrix-animation-input"/><input semantic="OUTPUT" source="#Spine-Matrix-animation-output-transform"/><input semantic="INTERPOLATION" source="#Spine-Interpolations"/></sampler><channel source="#Spine-Matrix-animation-transform" target="Spine/matrix"/></animation>
    <animation id="Spine1-anim" name="Spine1"><source id="Spine1-Matrix-animation-input"><float_array id="Spine1-Matrix-animation-input-array" count="38">

0.000000 0.033333 0.066667 0.100000 0.133333 0.166667 0.200000 0.233333 0.266667 0.300000 0.333333 0.366667 0.400000 0.433333 0.466667 0.500000
0.533333 0.566667 0.600000 0.633333 0.666667 0.700000 0.733333 0.766667 0.800000 0.833333 0.866667 0.900000 0.933333 0.966667 1.000000 1.033333
1.066667 1.100000 1.133333 1.166667 1.200000 1.233333</float_array><technique_common><accessor source="#Spine1-Matrix-animation-input-array" count="38"><param name="TIME" type="float"/></accessor></technique_common></source><source id="Spine1-Matrix-animation-output-transform"><float_array id="Spine1-Matrix-animation-output-transform-array" count="608">

0.999723 0.015978 0.017276 0.000000 -0.015309 0.999154 -0.038168 11.194600 -0.017871 0.037893 0.999122 0.160600 0.000000 0.000000 0.000000 1.000000
0.999735 0.019367 0.012464 0.000000 -0.018618 0.998164 -0.057635 11.194600 -0.013557 0.057387 0.998260 0.160600 0.000000 0.000000 0.000000 1.000000
0.999657 0.021038 0.015590 0.000000 -0.019935 0.997498 -0.067822 11.194600 -0.016978 0.067488 0.997576 0.160600 0.000000 0.000000 0.000000 1.000000
0.999203 0.024287 0.031688 0.000000 -0.022186 0.997636 -0.065038 11.194600 -0.033193 0.064283 0.997380 0.160600 0.000000 0.000000 0.000000 1.000000
0.997788 0.031443 0.058574 0.000000 -0.028290 0.998145 -0.053911 11.194600 -0.060161 0.052135 0.996826 0.160600 0.000000 0.000000 0.000000 1.000000
0.995280 0.043140 0.086929 0.000000 -0.039224 0.998159 -0.046257 11.194600 -0.088764 0.042629 0.995140 0.160600 0.000000 0.000000 0.000000 1.000000
0.993234 0.053096 0.103281 0.000000 -0.047838 0.997462 -0.052741 11.194600 -0.105819 0.047443 0.993253 0.160600 0.000000 0.000000 0.000000 1.000000
0.992708 0.054860 0.107339 0.000000 -0.047847 0.996615 -0.066853 11.194600 -0.110643 0.061230 0.991972 0.160600 0.000000 0.000000 0.000000 1.000000
0.993221 0.048752 0.105522 0.000000 -0.040379 0.995970 -0.080086 11.194600 -0.109001 0.075283 0.991187 0.160600 0.000000 0.000000 0.000000 1.000000
0.993898 0.037572 0.103702 0.000000 -0.028455 0.995711 -0.088029 11.194600 -0.106565 0.084541 0.990705 0.160600 0.000000 0.000000 0.000000 1.000000
0.994130 0.025195 0.105213 0.000000 -0.015543 0.995677 -0.091570 11.194600 -0.107065 0.089397 0.990225 0.160600 0.000000 0.000000 0.000000 1.000000
0.993933 0.013397 0.109168 0.000000 -0.002608 0.995145 -0.098382 11.194600 -0.109956 0.097500 0.989143 0.160600 0.000000 0.000000 0.000000 1.000000
0.993576 0.002335 0.113146 -0.000000 0.010329 0.993743 -0.111211 11.194600 -0.112698 0.111666 0.987335 0.160600 0.000000 0.000000 0.000000 1.000000
0.993247 -0.007662 0.115765 0.000000 0.022481 0.991616 -0.127250 11.194600 -0.113820 0.128993 0.985092 0.160600 0.000000 0.000000 0.000000 1.000000
0.993039 -0.016102 0.116682 0.000000 0.032945 0.989046 -0.143888 11.194600 -0.113087 0.146730 0.982691 0.160600 0.000000 0.000000 0.000000 1.000000
0.992925 -0.022398 0.116612 0.000000 0.041029 0.986278 -0.159912 11.194600 -0.111430 0.163565 0.980219 0.160600 0.000000 0.000000 0.000000 1.000000
0.992776 -0.027020 0.116900 0.000000 0.047549 0.983138 -0.176576 11.194600 -0.110158 0.180859 0.977320 0.160600 0.000000 0.000000 0.000000 1.000000
0.992552 -0.030896 0.117835 0.000000 0.053529 0.979529 -0.194055 11.194600 -0.109427 0.198917 0.973888 0.160600 0.000000 0.000000 0.000000 1.000000
0.992337 -0.034225 0.118727 -0.000000 0.058779 0.975943 -0.209952 11.194600 -0.108685 0.215321 0.970476 0.160600 0.000000 0.000000 0.000000 1.000000
0.992265 -0.036962 0.118506 0.000000 0.062765 0.973011 -0.222058 11.194600 -0.107100 0.227779 0.967805 0.160600 0.000000 0.000000 0.000000 1.000000
0.992477 -0.038931 0.116073 0.000000 0.064933 0.971144 -0.229483 11.194600 -0.103790 0.235294 0.966367 0.160600 0.000000 0.000000 0.000000 1.000000
0.992980 -0.040204 0.111244 0.000000 0.065729 0.969443 -0.236346 11.194600 -0.098343 0.241999 0.965280 0.160600 0.000000 0.000000 0.000000 1.000000
0.993603 -0.040609 0.105371 -0.000000 0.065715 0.966765 -0.247078 11.194600 -0.091835 0.252422 0.963249 0.160600 0.000000 0.000000 0.000000 1.000000
0.994239 -0.039835 0.099504 0.000000 0.064764 0.963001 -0.261599 11.194600 -0.085402 0.266537 0.960034 0.160600 0.000000 0.000000 0.000000 1.000000
0.994865 -0.037529 0.093991 -0.000000 0.062410 0.958598 -0.277841 11.194600 -0.079672 0.282280 0.956018 0.160600 0.000000 0.000000 0.000000 1.000000
0.995524 -0.033336 0.088439 0.000000 0.057963 0.954447 -0.292696 11.194600 -0.074653 0.296512 0.952107 0.160600 0.000000 0.000000 0.000000 1.000000
0.996269 -0.026895 0.082003 0.000000 0.050745 0.951141 -0.304560 11.194600 -0.069805 0.307585 0.948957 0.160600 0.000000 0.000000 0.000000 1.000000
0.997061 -0.018356 0.074386 0.000000 0.040865 0.948656 -0.313658 11.194600 -0.064810 0.315776 0.946618 0.160600 0.000000 0.000000 0.000000 1.000000
0.997827 -0.008588 0.065324 0.000000 0.029064 0.947165 -0.319428 11.194600 -0.059129 0.320632 0.945356 0.160600 0.000000 0.000000 0.000000 1.000000
0.998507 0.001523 0.054598 -0.000000 0.016123 0.946844 -0.321288 11.194600 -0.052186 0.321689 0.945406 0.160600 0.000000 0.000000 0.000000 1.000000
0.999041 0.011373 0.042274 -0.000000 0.002712 0.947732 -0.319056 11.194600 -0.043693 0.318865 0.946793 0.160600 0.000000 0.000000 0.000000 1.000000
0.999320 0.021345 0.030068 -0.000000 -0.010797 0.949068 -0.314886 11.194600 -0.035258 0.314347 0.948653 0.160600 0.000000 0.000000 0.000000 1.000000
0.999269 0.031884 0.021091 0.000000 -0.023765 0.950258 -0.310556 11.194600 -0.029944 0.309828 0.950321 0.160600 0.000000 0.000000 0.000000 1.000000
0.998951 0.042578 0.016879 0.000000 -0.035397 0.951560 -0.305420 11.194600 -0.029066 0.304502 0.952068 0.160600 0.000000 0.000000 0.000000 1.000000
0.998458 0.052710 0.017393 0.000000 -0.045153 0.953568 -0.297772 11.194600 -0.032281 0.296528 0.954478 0.160600 0.000000 0.000000 0.000000 1.000000
0.997886 0.061447 0.021150 0.000000 -0.052871 0.956908 -0.285537 11.194600 -0.037784 0.283815 0.958134 0.160600 0.000000 0.000000 0.000000 1.000000
0.997317 0.068460 0.025944 0.000000 -0.058998 0.961371 -0.268859 11.194600 -0.043347 0.266607 0.962830 0.160600 0.000000 0.000000 0.000000 1.000000
0.996822 0.073537 0.030646 0.000000 -0.063514 0.965773 -0.251491 11.194600 -0.048091 0.248745 0.967374 0.160600 0.000000 0.000000 0.000000 1.000000</float_array><technique_common><accessor source="#Spine1-Matrix-animation-output-transform-array" count="38" stride="16"><param type="float4x4"/></accessor></technique_common></source><source id="Spine1-Interpolations"><Name_array id="Spine1-Interpolations-array" count="38">
 LINEAR LINEAR LINEAR LINEAR LINEAR LINEAR LINEAR LINEAR LINEAR LINEAR LINEAR
LINEAR LINEAR LINEAR LINEAR LINEAR LINEAR LINEAR LINEAR LINEAR LINEAR LINEAR LINEAR
LINEAR LINEAR LINEAR LINEAR LINEAR LINEAR LINEAR LINEAR LINEAR LINEAR LINEAR LINEAR
LINEAR LINEAR LINEAR</Name_array><technique_common><accessor source="#Spine1-Interpolations-array" count="38"><param type="name"/></accessor></technique_common></source><sampler id="Spine1-Matrix-animation-transform"><input semantic="INPUT" source="#Spine1-Matrix-animation-input"/><input semantic="OUTPUT" source="#Spine1-Matrix-animation-output-transform"/><input semantic="INTERPOLATION" source="#Spine1-Interpolations"/></sampler><channel source="#Spine1-Matrix-animation-transform" target="Spine1/matrix"/></animation>
    <animation id="Spine2-anim" name="Spine2"><source id="Spine2-Matrix-animation-input"><float_array id="Spine2-Matrix-animation-input-array" count="38">

0.000000 0.033333 0.066667 0.100000 0.133333 0.166667 0.200000 0.233333 0.266667 0.300000 0.333333 0.366667 0.400000 0.433333 0.466667 0.500000
0.533333 0.566667 0.600000 0.633333 0.666667 0.700000 0.733333 0.766667 0.800000 0.833333 0.866667 0.900000 0.933333 0.966667 1.000000 1.033333
1.066667 1.100000 1.133333 1.166667 1.200000 1.233333</float_array><technique_common><accessor source="#Spine2-Matrix-animation-input-array" count="38"><param name="TIME" type="float"/></accessor></technique_common></source><source id="Spine2-Matrix-animation-output-transform"><float_array id="Spine2-Matrix-animation-output-transform-array" count="608">

0.999731 0.015603 0.017152 -0.000000 -0.014935 0.999150 -0.038431 10.346200 -0.017737 0.038165 0.999114 -0.843400 0.000000 0.000000 0.000000 1.000000
0.999746 0.019020 0.012099 -0.000000 -0.018288 0.998152 -0.057946 10.346200 -0.013178 0.057710 0.998246 -0.843400 0.000000 0.000000 0.000000 1.000000
0.999677 0.020574 0.014925 -0.000000 -0.019511 0.997482 -0.068179 10.346200 -0.016291 0.067866 0.997561 -0.843400 0.000000 0.000000 0.000000 1.000000
0.999251 0.023497 0.030749 0.000000 -0.021447 0.997630 -0.065376 10.346200 -0.032212 0.064667 0.997387 -0.843400 0.000000 0.000000 0.000000 1.000000
0.997892 0.030179 0.057458 0.000000 -0.027070 0.998167 -0.054125 10.346200 -0.058986 0.052456 0.996880 -0.843400 0.000000 0.000000 0.000000 1.000000
0.995453 0.041429 0.085775 -0.000000 -0.037558 0.998223 -0.046272 10.346200 -0.087540 0.042840 0.995239 -0.843400 0.000000 0.000000 0.000000 1.000000
0.993450 0.051206 0.102150 -0.000000 -0.046006 0.997553 -0.052637 10.346200 -0.104596 0.047593 0.993375 -0.843400 0.000000 0.000000 0.000000 1.000000
0.992930 0.053034 0.106194 -0.000000 -0.046092 0.996702 -0.066796 10.346200 -0.109386 0.061429 0.992099 -0.843400 0.000000 0.000000 0.000000 1.000000
0.993432 0.047068 0.104298 0.000000 -0.038772 0.996026 -0.080184 10.346200 -0.107658 0.075613 0.991308 -0.843400 0.000000 0.000000 0.000000 1.000000
0.994100 0.035948 0.102335 -0.000000 -0.026917 0.995730 -0.088301 10.346200 -0.105072 0.085025 0.990823 -0.843400 0.000000 0.000000 0.000000 1.000000
0.994338 0.023455 0.103638 0.000000 -0.013903 0.995667 -0.091950 10.346200 -0.105346 0.089989 0.990356 -0.843400 0.000000 0.000000 0.000000 1.000000
0.994157 0.011438 0.107338 -0.000000 -0.000780 0.995106 -0.098814 10.346200 -0.107943 0.098152 0.989300 -0.843400 0.000000 0.000000 0.000000 1.000000
0.993813 0.000188 0.111063 0.000000 0.012295 0.993665 -0.111704 10.346200 -0.110380 0.112378 0.987516 -0.843400 0.000000 0.000000 0.000000 1.000000
0.993496 -0.009941 0.113429 0.000000 0.024520 0.991488 -0.127867 10.346200 -0.111193 0.129816 0.985284 -0.843400 0.000000 0.000000 0.000000 1.000000
0.993301 -0.018476 0.114069 0.000000 0.035013 0.988853 -0.144722 10.346200 -0.110124 0.147746 0.982875 -0.843400 0.000000 0.000000 0.000000 1.000000
0.993208 -0.024866 0.113665 0.000000 0.043118 0.986003 -0.161054 10.346200 -0.108069 0.164862 0.980378 -0.843400 0.000000 0.000000 0.000000 1.000000
0.993086 -0.029562 0.113602 0.000000 0.049624 0.982767 -0.178063 10.346200 -0.106381 0.182469 0.977440 -0.843400 0.000000 0.000000 0.000000 1.000000
0.992894 -0.033424 0.114216 0.000000 0.055489 0.979060 -0.195865 10.346200 -0.105278 0.200810 0.973957 -0.843400 0.000000 0.000000 0.000000 1.000000
0.992705 -0.036618 0.114874 0.000000 0.060517 0.975383 -0.212050 10.346200 -0.104281 0.217455 0.970484 -0.843400 0.000000 0.000000 0.000000 1.000000
0.992647 -0.039101 0.114552 -0.000000 0.064197 0.972383 -0.224388 10.346200 -0.102615 0.230092 0.967744 -0.843400 0.000000 0.000000 0.000000 1.000000
0.992853 -0.040723 0.112177 0.000000 0.066013 0.970485 -0.231952 10.346200 -0.099420 0.237699 0.966237 -0.843400 0.000000 0.000000 0.000000 1.000000
0.993329 -0.041604 0.107551 0.000000 0.066432 0.968794 -0.238798 10.346200 -0.094260 0.244350 0.965095 -0.843400 0.000000 0.000000 0.000000 1.000000
0.993917 -0.041611 0.101967 0.000000 0.066033 0.966150 -0.249389 10.346200 -0.088138 0.254605 0.963020 -0.843400 0.000000 0.000000 0.000000 1.000000
0.994516 -0.040451 0.096441 0.000000 0.064717 0.962431 -0.263702 10.346200 -0.082150 0.268498 0.959771 -0.843400 0.000000 0.000000 0.000000 1.000000
0.995105 -0.037787 0.091310 0.000000 0.062047 0.958077 -0.279713 10.346200 -0.076912 0.284010 0.955732 -0.843400 0.000000 0.000000 0.000000 1.000000
0.995723 -0.033282 0.086190 -0.000000 0.057364 0.953981 -0.294330 10.346200 -0.072428 0.298016 0.951809 -0.843400 0.000000 0.000000 0.000000 1.000000
0.996422 -0.026595 0.080218 0.000000 0.050005 0.950737 -0.305938 10.346200 -0.068130 0.308855 0.948666 -0.843400 0.000000 0.000000 0.000000 1.000000
0.997168 -0.017881 0.073045 -0.000000 0.040063 0.948318 -0.314781 10.346200 -0.063641 0.316816 0.946349 -0.843400 0.000000 0.000000 0.000000 1.000000
0.997893 -0.008002 0.064384 0.000000 0.028260 0.946888 -0.320320 10.346200 -0.058401 0.321465 0.945119 -0.843400 0.000000 0.000000 0.000000 1.000000
0.998538 0.002159 0.054011 0.000000 0.015369 0.946618 -0.321989 10.346200 -0.051823 0.322349 0.945201 -0.843400 0.000000 0.000000 0.000000 1.000000
0.999046 0.011999 0.041991 0.000000 0.002053 0.947547 -0.319611 10.346200 -0.043623 0.319392 0.946618 -0.843400 0.000000 0.000000 0.000000 1.000000
0.999308 0.021930 0.030034 0.000000 -0.011346 0.948913 -0.315335 10.346200 -0.035415 0.314776 0.948505 -0.843400 0.000000 0.000000 0.000000 1.000000
0.999247 0.032462 0.021275 0.000000 -0.024246 0.950124 -0.310929 10.346200 -0.030308 0.310178 0.950195 -0.843400 0.000000 0.000000 0.000000 1.000000
0.998916 0.043216 0.017279 -0.000000 -0.035875 0.951447 -0.305716 10.346200 -0.029652 0.304765 0.951966 -0.843400 0.000000 0.000000 0.000000 1.000000
0.998407 0.053466 0.018009 0.000000 -0.045685 0.953481 -0.297972 10.346200 -0.033102 0.296674 0.954405 -0.843400 0.000000 0.000000 0.000000 1.000000
0.997814 0.062324 0.021960 0.000000 -0.053480 0.956854 -0.285606 10.346200 -0.038813 0.283807 0.958095 -0.843400 0.000000 0.000000 0.000000 1.000000
0.997227 0.069400 0.026865 0.000000 -0.059663 0.961353 -0.268777 10.346200 -0.044480 0.266429 0.962828 -0.843400 0.000000 0.000000 0.000000 1.000000
0.996724 0.074466 0.031575 0.000000 -0.064194 0.965785 -0.251275 10.346200 -0.049206 0.248424 0.967401 -0.843400 0.000000 0.000000 0.000000 1.000000</float_array><technique_common><accessor source="#Spine2-Matrix-animation-output-transform-array" count="38" stride="16"><param type="float4x4"/></accessor></technique_common></source><source id="Spine2-Interpolations"><Name_array id="Spine2-Interpolations-array" count="38">
 LINEAR LINEAR LINEAR LINEAR LINEAR LINEAR LINEAR LINEAR LINEAR LINEAR LINEAR
LINEAR LINEAR LINEAR LINEAR LINEAR LINEAR LINEAR LINEAR LINEAR LINEAR LINEAR LINEAR
LINEAR LINEAR LINEAR LINEAR LINEAR LINEAR LINEAR LINEAR LINEAR LINEAR LINEAR LINEAR
LINEAR LINEAR LINEAR</Name_array><technique_common><accessor source="#Spine2-Interpolations-array" count="38"><param type="name"/></accessor></technique_common></source><sampler id="Spine2-Matrix-animation-transform"><input semantic="INPUT" source="#Spine2-Matrix-animation-input"/><input semantic="OUTPUT" source="#Spine2-Matrix-animation-output-transform"/><input semantic="INTERPOLATION" source="#Spine2-Interpolations"/></sampler><channel source="#Spine2-Matrix-animation-transform" target="Spine2/matrix"/></animation>
    <animation id="Neck-anim" name="Neck"><source id="Neck-Matrix-animation-input"><float_array id="Neck-Matrix-animation-input-array" count="38">

0.000000 0.033333 0.066667 0.100000 0.133333 0.166667 0.200000 0.233333 0.266667 0.300000 0.333333 0.366667 0.400000 0.433333 0.466667 0.500000
0.533333 0.566667 0.600000 0.633333 0.666667 0.700000 0.733333 0.766667 0.800000 0.833333 0.866667 0.900000 0.933333 0.966667 1.000000 1.033333
1.066667 1.100000 1.133333 1.166667 1.200000 1.233333</float_array><technique_common><accessor source="#Neck-Matrix-animation-input-array" count="38"><param name="TIME" type="float"/></accessor></technique_common></source><source id="Neck-Matrix-animation-output-transform"><float_array id="Neck-Matrix-animation-output-transform-array" count="608">

0.970444 -0.077035 0.228700 0.000000 0.079469 0.996836 -0.001438 17.218100 -0.227866 0.019570 0.973496 -2.547300 0.000000 0.000000 0.000000 1.000000
0.976994 -0.060705 0.204444 0.000000 0.064227 0.997879 -0.010629 17.218100 -0.203365 0.023515 0.978821 -2.547300 0.000000 0.000000 0.000000 1.000000
0.984141 -0.034004 0.174099 0.000000 0.036689 0.999252 -0.012225 17.218100 -0.173553 0.018418 0.984652 -2.547300 0.000000 0.000000 0.000000 1.000000
0.990507 -0.002473 0.137437 -0.000000 0.001152 0.999952 0.009695 17.218100 -0.137455 -0.009445 0.990463 -2.547300 0.000000 0.000000 0.000000 1.000000
0.994885 0.022994 0.098358 0.000000 -0.028999 0.997773 0.060065 17.218100 -0.096758 -0.062610 0.993337 -2.547300 0.000000 0.000000 0.000000 1.000000
0.997791 0.028737 0.059891 -0.000000 -0.036215 0.991142 0.127775 17.218100 -0.055688 -0.129662 0.989993 -2.547300 0.000000 0.000000 0.000000 1.000000
0.999597 0.012431 0.025516 0.000000 -0.016990 0.982192 0.187108 17.218100 -0.022736 -0.187466 0.982008 -2.547300 0.000000 0.000000 0.000000 1.000000
0.999954 -0.007742 -0.005664 -0.000000 0.008832 0.973512 0.228466 17.218100 0.003746 -0.228505 0.973536 -2.547300 0.000000 0.000000 0.000000 1.000000
0.999226 -0.019978 -0.033891 -0.000000 0.027932 0.966917 0.253556 17.218100 0.027704 -0.254306 0.966727 -2.547300 0.000000 0.000000 0.000000 1.000000
0.998158 -0.020423 -0.057130 -0.000000 0.034867 0.963708 0.264671 17.218100 0.049652 -0.266175 0.962645 -2.547300 0.000000 0.000000 0.000000 1.000000
0.997284 -0.013389 -0.072424 0.000000 0.032008 0.964408 0.262475 17.218100 0.066332 -0.264080 0.962217 -2.547300 0.000000 0.000000 0.000000 1.000000
0.996882 -0.005309 -0.078728 -0.000000 0.024769 0.968359 0.248330 17.218100 0.074919 -0.249505 0.965471 -2.547300 0.000000 0.000000 0.000000 1.000000
0.996763 0.001127 -0.080386 -0.000000 0.017404 0.973167 0.229443 17.218100 0.078487 -0.230099 0.969997 -2.547300 0.000000 0.000000 0.000000 1.000000
0.996791 0.003019 -0.079993 0.000000 0.013808 0.977825 0.208969 17.218100 0.078850 -0.209403 0.974645 -2.547300 0.000000 0.000000 0.000000 1.000000
0.996832 -0.001174 -0.079527 0.000000 0.016102 0.982164 0.187333 17.218100 0.077889 -0.188020 0.979072 -2.547300 0.000000 0.000000 0.000000 1.000000
0.996698 -0.011070 -0.080443 0.000000 0.024101 0.986351 0.162885 17.218100 0.077542 -0.164286 0.983360 -2.547300 0.000000 0.000000 0.000000 1.000000
0.996261 -0.022744 -0.083350 0.000000 0.033952 0.990178 0.135626 17.218100 0.079447 -0.137949 0.987248 -2.547300 0.000000 0.000000 0.000000 1.000000
0.995629 -0.031293 -0.087997 0.000000 0.040724 0.993369 0.107518 17.218100 0.084049 -0.110631 0.990301 -2.547300 0.000000 0.000000 0.000000 1.000000
0.995031 -0.034505 -0.093401 0.000000 0.041910 0.996031 0.078521 17.218100 0.090321 -0.082045 0.992527 -2.547300 0.000000 0.000000 0.000000 1.000000
0.994622 -0.032434 -0.098357 -0.000000 0.037334 0.998131 0.048389 17.218100 0.096604 -0.051801 0.993974 -2.547300 0.000000 0.000000 0.000000 1.000000
0.994458 -0.027083 -0.101585 0.000000 0.028992 0.999429 0.017367 17.218100 0.101057 -0.020216 0.994675 -2.547300 0.000000 0.000000 0.000000 1.000000
0.994478 -0.021395 -0.102744 0.000000 0.020409 0.999735 -0.010642 17.218100 0.102944 0.008486 0.994651 -2.547300 0.000000 0.000000 0.000000 1.000000
0.994651 -0.014698 -0.102246 0.000000 0.011460 0.999416 -0.032181 17.218100 0.102660 0.030837 0.994238 -2.547300 0.000000 0.000000 0.000000 1.000000
0.994967 -0.005729 -0.100044 0.000000 0.001010 0.998887 -0.047162 17.218100 0.100203 0.046824 0.993865 -2.547300 0.000000 0.000000 0.000000 1.000000
0.995377 0.005662 -0.095873 0.000000 -0.011115 0.998344 -0.056439 17.218100 0.095395 0.057244 0.993792 -2.547300 0.000000 0.000000 0.000000 1.000000
0.995844 0.018257 -0.089227 -0.000000 -0.023775 0.997844 -0.061173 17.218100 0.087918 0.063040 0.994131 -2.547300 0.000000 0.000000 0.000000 1.000000
0.996398 0.029709 -0.079431 0.000000 -0.034643 0.997507 -0.061479 17.218100 0.077407 0.064009 0.994943 -2.547300 0.000000 0.000000 0.000000 1.000000
0.997047 0.039228 -0.066025 -0.000000 -0.043135 0.997336 -0.058817 17.218100 0.063542 0.061491 0.996083 -2.547300 0.000000 0.000000 0.000000 1.000000
0.997698 0.046550 -0.049309 0.000000 -0.049302 0.997204 -0.056149 17.218100 0.046557 0.058451 0.997204 -2.547300 0.000000 0.000000 0.000000 1.000000
0.998226 0.051196 -0.030380 0.000000 -0.052827 0.997056 -0.055568 17.218100 0.027445 0.057075 0.997993 -2.547300 0.000000 0.000000 0.000000 1.000000
0.998560 0.052512 -0.010958 0.000000 -0.053057 0.996936 -0.057476 17.218100 0.007906 0.057974 0.998287 -2.547300 0.000000 0.000000 0.000000 1.000000
0.998693 0.050636 0.006934 0.000000 -0.050144 0.997021 -0.058610 17.218100 -0.009881 0.058186 0.998257 -2.547300 0.000000 0.000000 0.000000 1.000000
0.998662 0.046837 0.021904 -0.000000 -0.045506 0.997293 -0.057751 17.218100 -0.024550 0.056677 0.998091 -2.547300 0.000000 0.000000 0.000000 1.000000
0.998585 0.041429 0.033329 0.000000 -0.039496 0.997610 -0.056696 17.218100 -0.035599 0.055299 0.997835 -2.547300 0.000000 0.000000 0.000000 1.000000
0.998561 0.034054 0.041434 0.000000 -0.031654 0.997858 -0.057249 17.218100 -0.043295 0.055855 0.997500 -2.547300 0.000000 0.000000 0.000000 1.000000
0.998597 0.023948 0.047231 0.000000 -0.021084 0.997962 -0.060231 17.218100 -0.048577 0.059151 0.997066 -2.547300 0.000000 0.000000 0.000000 1.000000
0.998574 0.011597 0.052110 0.000000 -0.008288 0.997962 -0.063265 17.218100 -0.052738 0.062743 0.996635 -2.547300 0.000000 0.000000 0.000000 1.000000
0.998378 0.000372 0.056928 0.000000 0.003245 0.997981 -0.063425 17.218100 -0.056836 0.063506 0.996362 -2.547300 0.000000 0.000000 0.000000 1.000000</float_array><technique_common><accessor source="#Neck-Matrix-animation-output-transform-array" count="38" stride="16"><param type="float4x4"/></accessor></technique_common></source><source id="Neck-Interpolations"><Name_array id="Neck-Interpolations-array" count="38">
 LINEAR LINEAR LINEAR LINEAR LINEAR LINEAR LINEAR LINEAR LINEAR LINEAR LINEAR
LINEAR LINEAR LINEAR LINEAR LINEAR LINEAR LINEAR LINEAR LINEAR LINEAR LINEAR LINEAR
LINEAR LINEAR LINEAR LINEAR LINEAR LINEAR LINEAR LINEAR LINEAR LINEAR LINEAR LINEAR
LINEAR LINEAR LINEAR</Name_array><technique_common><accessor source="#Neck-Interpolations-array" count="38"><param type="name"/></accessor></technique_common></source><sampler id="Neck-Matrix-animation-transform"><input semantic="INPUT" source="#Neck-Matrix-animation-input"/><input semantic="OUTPUT" source="#Neck-Matrix-animation-output-transform"/><input semantic="INTERPOLATION" source="#Neck-Interpolations"/></sampler><channel source="#Neck-Matrix-animation-transform" target="Neck/matrix"/></animation>
    <animation id="Neck1-anim" name="Neck1"><source id="Neck1-Matrix-animation-input"><float_array id="Neck1-Matrix-animation-input-array" count="38">

0.000000 0.033333 0.066667 0.100000 0.133333 0.166667 0.200000 0.233333 0.266667 0.300000 0.333333 0.366667 0.400000 0.433333 0.466667 0.500000
0.533333 0.566667 0.600000 0.633333 0.666667 0.700000 0.733333 0.766667 0.800000 0.833333 0.866667 0.900000 0.933333 0.966667 1.000000 1.033333
1.066667 1.100000 1.133333 1.166667 1.200000 1.233333</float_array><technique_common><accessor source="#Neck1-Matrix-animation-input-array" count="38"><param name="TIME" type="float"/></accessor></technique_common></source><source id="Neck1-Matrix-animation-output-transform"><float_array id="Neck1-Matrix-animation-output-transform-array" count="608">

0.996738 0.058022 0.056100 0.000000 -0.043713 0.972423 -0.229091 4.278900 -0.067845 0.225891 0.971787 1.003400 0.000000 0.000000 0.000000 1.000000
0.997106 0.058299 0.048794 0.000000 -0.046756 0.976348 -0.211087 4.278900 -0.059946 0.208195 0.976249 1.003400 0.000000 0.000000 0.000000 1.000000
0.997101 0.066566 0.036861 0.000000 -0.058782 0.981478 -0.182333 4.278900 -0.048315 0.179638 0.982546 1.003400 0.000000 0.000000 0.000000 1.000000
0.996632 0.079054 0.021817 -0.000000 -0.075598 0.988725 -0.129255 4.278900 -0.031789 0.127170 0.991371 1.003400 0.000000 0.000000 0.000000 1.000000
0.996214 0.086576 0.007852 0.000000 -0.086087 0.995065 -0.049337 4.278900 -0.012084 0.048474 0.998751 1.003400 0.000000 0.000000 0.000000 1.000000
0.997054 0.076643 -0.002888 0.000000 -0.076432 0.996032 0.045589 4.278900 0.006370 -0.045234 0.998956 1.003400 0.000000 0.000000 0.000000 1.000000
0.998838 0.047033 -0.010477 0.000000 -0.045272 0.990457 0.130171 4.278900 0.016500 -0.129546 0.991436 1.003400 0.000000 0.000000 0.000000 1.000000
0.999697 0.015036 -0.019470 0.000000 -0.010966 0.980849 0.194461 4.278900 0.022021 -0.194188 0.980717 1.003400 0.000000 0.000000 0.000000 1.000000
0.999491 -0.006965 -0.031143 0.000000 0.014196 0.971062 0.238406 4.278900 0.028581 -0.238727 0.970666 1.003400 0.000000 0.000000 0.000000 1.000000
