<?xml version="1.0" encoding="utf-8"?>
<COLLADA xmlns="http://www.collada.org/2005/11/COLLADASchema" version="1.4.1">
  <asset><contributor><author>Mixamo</author><authoring_tool>COLLADA Mixamo exporter</authoring_tool><comments></comments></contributor><created>2018-10-29T15:30:57Z</created><modified>2018-10-29T15:30:57Z</modified><revision></revision><title></title><unit meter="0.010000"/><up_axis>Y_UP</up_axis></asset>
  <library_animations>
    <animation id="Hips-anim" name="Hips"><source id="Hips-Matrix-animation-input"><float_array id="Hips-Matrix-animation-input-array" count="167">

0.000000 0.033333 0.066667 0.100000 0.133333 0.166667 0.200000 0.233333 0.266667 0.300000 0.333333 0.366667 0.400000 0.433333 0.466667 0.500000
0.533333 0.566667 0.600000 0.633333 0.666667 0.700000 0.733333 0.766667 0.800000 0.833333 0.866667 0.900000 0.933333 0.966667 1.000000 1.033333
1.066667 1.100000 1.133333 1.166667 1.200000 1.233333 1.266667 1.300000 1.333333 1.366667 1.400000 1.433333 1.466667 1.500000 1.533333 1.566667
1.600000 1.633333 1.666667 1.700000 1.733333 1.766667 1.800000 1.833333 1.866667 1.900000 1.933333 1.966667 2.000000 2.033333 2.066667 2.100000
2.133333 2.166667 2.200000 2.233333 2.266667 2.300000 2.333333 2.366667 2.400000 2.433333 2.466667 2.500000 2.533333 2.566667 2.600000 2.633333
2.666667 2.700000 2.733333 2.766667 2.800000 2.833333 2.866667 2.900000 2.933333 2.966667 3.000000 3.033333 3.066667 3.100000 3.133333 3.166667
3.200000 3.233333 3.266667 3.300000 3.333333 3.366667 3.400000 3.433333 3.466667 3.500000 3.533333 3.566667 3.600000 3.633333 3.666667 3.700000
3.733333 3.766667 3.800000 3.833333 3.866667 3.900000 3.933333 3.966667 4.000000 4.033333 4.066667 4.100000 4.133333 4.166667 4.200000 4.233333
4.266667 4.300000 4.333333 4.366667 4.400000 4.433333 4.466667 4.500000 4.533333 4.566667 4.600000 4.633333 4.666667 4.700000 4.733333 4.766667
4.800000 4.833333 4.866667 4.900000 4.933333 4.966667 5.000000 5.033333 5.066667 5.100000 5.133333 5.166667 5.200000 5.233333 5.266667 5.300000
5.333333 5.366667 5.400000 5.433333 5.466667 5.500000 5.533333</float_array><technique_common><accessor source="#Hips-Matrix-animation-input-array" count="167"><param name="TIME" type="float"/></accessor></technique_common></source><source id="Hips-Matrix-animation-output-transform"><float_array id="Hips-Matrix-animation-output-transform-array" count="2672">

0.945646 -0.002922 -0.325184 -0.000006 -0.063177 0.979257 -0.192520 92.272354 0.319001 0.202600 0.925846 -0.000001 0.000000 0.000000 0.000000 1.000000
0.951649 0.004312 -0.307157 -0.095894 -0.054499 0.986410 -0.155003 92.485191 0.302314 0.164248 0.938951 0.700496 0.000000 0.000000 0.000000 1.000000
0.959154 0.013197 -0.282576 -0.211209 -0.041319 0.994734 -0.093795 92.864891 0.279850 0.101639 0.954648 1.765999 0.000000 0.000000 0.000000 1.000000
0.968187 0.020287 -0.249405 -0.316487 -0.024349 0.999616 -0.013210 93.364220 0.249042 0.018862 0.968309 3.107804 0.000000 0.000000 0.000000 1.000000
0.977818 0.022686 -0.208223 -0.386220 -0.007060 0.997122 0.075480 93.891716 0.209337 -0.072336 0.975164 4.584351 0.000000 0.000000 0.000000 1.000000
0.986551 0.020434 -0.162174 -0.419752 0.005757 0.987195 0.159411 94.358810 0.163355 -0.158201 0.973801 6.055407 0.000000 0.000000 0.000000 1.000000
0.993190 0.016059 -0.115392 -0.441978 0.011002 0.973099 0.230124 94.717697 0.115984 -0.229827 0.966296 7.429093 0.000000 0.000000 0.000000 1.000000
0.997367 0.011793 -0.071554 -0.480997 0.009148 0.958349 0.285454 94.968987 0.071940 -0.285357 0.955718 8.677882 0.000000 0.000000 0.000000 1.000000
0.999427 0.007662 -0.032954 -0.543112 0.003550 0.944887 0.327376 95.144882 0.033646 -0.327306 0.944319 9.817280 0.000000 0.000000 0.000000 1.000000
0.999998 0.002127 0.000095 -0.608752 -0.002019 0.933275 0.359156 95.282921 0.000675 -0.359156 0.933277 10.865570 0.000000 0.000000 0.000000 1.000000
0.999556 -0.005972 0.029177 -0.652761 -0.005687 0.923391 0.383819 95.403534 -0.029234 -0.383815 0.922947 11.816617 0.000000 0.000000 0.000000 1.000000
0.998252 -0.016194 0.056845 -0.668569 -0.008146 0.914869 0.403669 95.501396 -0.058543 -0.403427 0.913137 12.641083 0.000000 0.000000 0.000000 1.000000
0.995987 -0.026746 0.085411 -0.673216 -0.011658 0.907406 0.420094 95.550781 -0.088738 -0.419404 0.903452 13.303484 0.000000 0.000000 0.000000 1.000000
0.992585 -0.035671 0.116203 -0.690695 -0.018394 0.900887 0.433664 95.519432 -0.120154 -0.432586 0.893550 13.779160 0.000000 0.000000 0.000000 1.000000
0.987842 -0.042022 0.149673 -0.732991 -0.029304 0.895183 0.444734 95.384209 -0.152673 -0.443713 0.883068 14.063076 0.000000 0.000000 0.000000 1.000000
0.981457 -0.046317 0.186001 -0.796416 -0.044082 0.889818 0.454182 95.138107 -0.186543 -0.453959 0.871276 14.167453 0.000000 0.000000 0.000000 1.000000
0.973102 -0.050155 0.224851 -0.871907 -0.061491 0.884057 0.463316 94.785858 -0.222019 -0.464680 0.857193 14.110962 0.000000 0.000000 0.000000 1.000000
0.962662 -0.054831 0.265097 -0.955913 -0.080244 0.877462 0.472886 94.336929 -0.258541 -0.476502 0.840299 13.908361 0.000000 0.000000 0.000000 1.000000
0.950723 -0.061078 0.303967 -1.052948 -0.098449 0.870195 0.482772 93.804337 -0.293997 -0.488907 0.821301 13.569939 0.000000 0.000000 0.000000 1.000000
0.938822 -0.069150 0.337388 -1.168983 -0.113283 0.863121 0.492127 93.203644 -0.325238 -0.500240 0.802484 13.107445 0.000000 0.000000 0.000000 1.000000
0.929024 -0.079117 0.361463 -1.298461 -0.121471 0.857525 0.499895 92.545761 -0.349514 -0.508322 0.787051 12.529921 0.000000 0.000000 0.000000 1.000000
0.922866 -0.091135 0.374183 -1.413505 -0.120666 0.854251 0.505663 91.819794 -0.365730 -0.511810 0.777362 11.823624 0.000000 0.000000 0.000000 1.000000
0.920495 -0.105414 0.376268 -1.474795 -0.110961 0.852770 0.510363 90.904259 -0.374670 -0.511537 0.773274 10.934664 0.000000 0.000000 0.000000 1.000000
0.920750 -0.121692 0.370690 -1.442044 -0.095174 0.851353 0.515887 89.956062 -0.378367 -0.510283 0.772301 9.835162 0.000000 0.000000 0.000000 1.000000
0.925692 -0.137413 0.352439 -1.324849 -0.072299 0.850244 0.521399 89.077911 -0.371306 -0.508136 0.777129 8.564926 0.000000 0.000000 0.000000 1.000000
0.931606 -0.151893 0.330210 -1.146928 -0.048324 0.848668 0.526713 88.320778 -0.360243 -0.506646 0.783284 7.133228 0.000000 0.000000 0.000000 1.000000
0.936047 -0.164473 0.311069 -0.940635 -0.027372 0.847322 0.530374 87.697891 -0.350807 -0.504970 0.788632 5.565729 0.000000 0.000000 0.000000 1.000000
0.938969 -0.174367 0.296537 -0.729951 -0.010080 0.847702 0.530376 87.145645 -0.343855 -0.500996 0.794208 3.885869 0.000000 0.000000 0.000000 1.000000
0.940703 -0.181461 0.286618 -0.510804 0.003681 0.850316 0.526260 86.712082 -0.339212 -0.494000 0.800562 2.103976 0.000000 0.000000 0.000000 1.000000
0.941806 -0.186445 0.279714 -0.278978 0.014885 0.854407 0.519392 86.253914 -0.335827 -0.485003 0.807461 0.223961 0.000000 0.000000 0.000000 1.000000
0.942955 -0.190222 0.273223 -0.023383 0.024926 0.858724 0.511831 85.779503 -0.331985 -0.475823 0.814480 -1.757136 0.000000 0.000000 0.000000 1.000000
0.944833 -0.192795 0.264802 0.253923 0.034570 0.862607 0.504692 85.303368 -0.325722 -0.467696 0.821685 -3.848056 0.000000 0.000000 0.000000 1.000000
0.947912 -0.193487 0.253033 0.530883 0.043920 0.866176 0.497806 84.831055 -0.315490 -0.460763 0.829556 -6.047491 0.000000 0.000000 0.000000 1.000000
0.952074 -0.192125 0.237998 0.769844 0.052969 0.869917 0.490346 84.327782 -0.301246 -0.454239 0.838402 -8.319834 0.000000 0.000000 0.000000 1.000000
0.956557 -0.190013 0.221117 0.939214 0.062195 0.873973 0.481978 83.765182 -0.284833 -0.447287 0.847823 -10.594873 0.000000 0.000000 0.000000 1.000000
0.960422 -0.189387 0.204259 1.032913 0.072431 0.877872 0.473387 83.205811 -0.268966 -0.439857 0.856845 -12.803223 0.000000 0.000000 0.000000 1.000000
0.963142 -0.191656 0.188747 1.059044 0.084042 0.880954 0.465679 82.636566 -0.255528 -0.432653 0.864591 -14.877578 0.000000 0.000000 0.000000 1.000000
0.964816 -0.196137 0.175102 1.027414 0.096140 0.883026 0.459371 82.085388 -0.244719 -0.426375 0.870814 -16.801401 0.000000 0.000000 0.000000 1.000000
0.966003 -0.200248 0.163518 0.958271 0.106544 0.884643 0.453932 81.580887 -0.235554 -0.421078 0.875904 -18.589478 0.000000 0.000000 0.000000 1.000000
0.967454 -0.200626 0.154215 0.882321 0.112500 0.886900 0.448054 81.138344 -0.226664 -0.416122 0.880605 -20.262003 0.000000 0.000000 0.000000 1.000000
0.969856 -0.194241 0.147142 0.833108 0.111634 0.890903 0.440262 80.742355 -0.216606 -0.410564 0.885731 -21.834433 0.000000 0.000000 0.000000 1.000000
0.973570 -0.179161 0.141647 0.824249 0.102580 0.897136 0.429680 80.362839 -0.204058 -0.403794 0.891802 -23.336132 0.000000 0.000000 0.000000 1.000000
0.978397 -0.154822 0.137000 0.836738 0.084882 0.905096 0.416650 79.970650 -0.188504 -0.396020 0.898685 -24.834581 0.000000 0.000000 0.000000 1.000000
0.983307 -0.123195 0.133907 0.829877 0.059625 0.913456 0.402546 79.563324 -0.171910 -0.387842 0.905553 -26.438103 0.000000 0.000000 0.000000 1.000000
0.986826 -0.088409 0.135493 0.807109 0.029338 0.921391 0.387529 79.076462 -0.159103 -0.378449 0.911846 -28.286297 0.000000 0.000000 0.000000 1.000000
0.987729 -0.054969 0.146184 0.748078 -0.002892 0.929415 0.369025 78.723740 -0.156151 -0.364919 0.917851 -30.368179 0.000000 0.000000 0.000000 1.000000
0.985370 -0.025775 0.168469 0.714679 -0.034158 0.938572 0.343388 78.395378 -0.166971 -0.344118 0.923961 -32.737286 0.000000 0.000000 0.000000 1.000000
0.979946 -0.000628 0.199261 0.699563 -0.062470 0.948612 0.310215 77.904076 -0.189216 -0.316442 0.929549 -35.525249 0.000000 0.000000 0.000000 1.000000
0.973213 0.022155 0.228836 0.521503 -0.086628 0.957323 0.275733 77.559731 -0.212961 -0.288171 0.933598 -38.617691 0.000000 0.000000 0.000000 1.000000
0.968625 0.042746 0.244823 0.125894 -0.105732 0.962380 0.250289 77.470657 -0.224914 -0.268322 0.936705 -41.851337 0.000000 0.000000 0.000000 1.000000
0.969229 0.060043 0.238726 -0.381394 -0.118826 0.963444 0.240116 77.625313 -0.215581 -0.261095 0.940933 -44.986599 0.000000 0.000000 0.000000 1.000000
0.974996 0.074223 0.209460 -0.841138 -0.125207 0.962201 0.241854 78.039375 -0.183592 -0.262033 0.947435 -47.842491 0.000000 0.000000 0.000000 1.000000
0.982879 0.086780 0.162537 -1.159193 -0.125556 0.961071 0.246127 78.673851 -0.134851 -0.262321 0.955512 -50.387028 0.000000 0.000000 0.000000 1.000000
0.989380 0.098666 0.106738 -1.316447 -0.122418 0.961532 0.245905 79.347328 -0.078369 -0.256360 0.963399 -52.660187 0.000000 0.000000 0.000000 1.000000
0.992664 0.109832 0.050549 -1.348256 -0.118854 0.963145 0.241300 79.864960 -0.022183 -0.245538 0.969133 -54.690456 0.000000 0.000000 0.000000 1.000000
0.992803 0.119758 0.000076 -1.325379 -0.116347 0.964372 0.237593 80.164406 0.028380 -0.235892 0.971365 -56.493515 0.000000 0.000000 0.000000 1.000000
0.990988 0.127460 -0.041195 -1.319217 -0.114000 0.963990 0.240265 80.300041 0.070336 -0.233404 0.969833 -58.067078 0.000000 0.000000 0.000000 1.000000
0.988520 0.132125 -0.073287 -1.373926 -0.109988 0.961847 0.250504 80.354927 0.103589 -0.239567 0.965338 -59.405460 0.000000 0.000000 0.000000 1.000000
0.986107 0.134074 -0.098062 -1.497348 -0.103837 0.958337 0.266096 80.387138 0.129653 -0.252217 0.958946 -60.532238 0.000000 0.000000 0.000000 1.000000
0.983858 0.134826 -0.117666 -1.665922 -0.096707 0.953838 0.284326 80.401459 0.150569 -0.268358 0.951480 -61.488319 0.000000 0.000000 0.000000 1.000000
0.981573 0.136364 -0.133861 -1.843489 -0.090403 0.948566 0.303398 80.351860 0.168348 -0.285705 0.943415 -62.297428 0.000000 0.000000 0.000000 1.000000
0.979113 0.139889 -0.147540 -1.999975 -0.086082 0.942647 0.322502 80.195442 0.184192 -0.303065 0.935000 -62.969597 0.000000 0.000000 0.000000 1.000000
0.976632 0.144750 -0.158861 -2.121509 -0.083318 0.936371 0.340980 79.956100 0.198110 -0.319776 0.926550 -63.511055 0.000000 0.000000 0.000000 1.000000
0.974569 0.148044 -0.168219 -2.227419 -0.079646 0.930515 0.357490 79.705452 0.209455 -0.335001 0.918642 -63.887680 0.000000 0.000000 0.000000 1.000000
0.973297 0.145531 -0.177523 -2.383200 -0.071004 0.926288 0.370067 79.448959 0.218293 -0.347580 0.911886 -64.038406 0.000000 0.000000 0.000000 1.000000
0.972484 0.134380 -0.190308 -2.636792 -0.053848 0.924411 0.377577 79.120499 0.226662 -0.356940 0.906211 -64.023643 0.000000 0.000000 0.000000 1.000000
0.970788 0.116807 -0.209586 -3.060254 -0.028637 0.923663 0.382134 78.473831 0.238223 -0.364969 0.900026 -64.027138 0.000000 0.000000 0.000000 1.000000
0.966721 0.101587 -0.234801 -3.362277 -0.001888 0.920592 0.390521 77.940880 0.255828 -0.377081 0.890147 -64.262192 0.000000 0.000000 0.000000 1.000000
0.960272 0.100037 -0.260519 -3.415445 0.016653 0.911335 0.411329 77.705063 0.278569 -0.399326 0.873463 -64.704254 0.000000 0.000000 0.000000 1.000000
0.953445 0.117433 -0.277762 -3.309423 0.020551 0.893621 0.448351 77.669220 0.300865 -0.433186 0.849606 -65.156105 0.000000 0.000000 0.000000 1.000000
0.949355 0.147318 -0.277530 -3.225775 0.010631 0.867707 0.496962 77.615128 0.314026 -0.474743 0.822196 -65.423943 0.000000 0.000000 0.000000 1.000000
0.949819 0.173871 -0.260024 -3.106121 -0.004290 0.838442 0.544974 77.729965 0.312770 -0.516512 0.797114 -65.534416 0.000000 0.000000 0.000000 1.000000
0.954482 0.185309 -0.233718 -3.022086 -0.015532 0.813401 0.581496 77.892075 0.297863 -0.551398 0.779255 -65.548737 0.000000 0.000000 0.000000 1.000000
0.961245 0.179400 -0.209342 -3.034647 -0.018019 0.798578 0.601622 77.908089 0.275107 -0.574534 0.770861 -65.532776 0.000000 0.000000 0.000000 1.000000
0.967511 0.162600 -0.193608 -3.150167 -0.011488 0.793247 0.608792 77.637245 0.252569 -0.586788 0.769343 -65.536713 0.000000 0.000000 0.000000 1.000000
0.971430 0.145196 -0.187731 -3.237652 0.000353 0.790132 0.612937 77.287033 0.237328 -0.595492 0.767506 -65.630379 0.000000 0.000000 0.000000 1.000000
0.972395 0.135834 -0.189729 -3.271427 0.012694 0.781099 0.624278 76.908737 0.232995 -0.609453 0.757813 -65.835846 0.000000 0.000000 0.000000 1.000000
0.970822 0.137256 -0.196635 -3.257879 0.023140 0.762544 0.646522 76.512543 0.238682 -0.632208 0.737119 -66.160439 0.000000 0.000000 0.000000 1.000000
0.967754 0.145542 -0.205596 -3.233143 0.032761 0.736537 0.675604 76.036499 0.249758 -0.660553 0.708018 -66.590378 0.000000 0.000000 0.000000 1.000000
0.964559 0.153687 -0.214492 -3.228179 0.043777 0.708407 0.704446 75.449776 0.260212 -0.688869 0.676572 -67.109039 0.000000 0.000000 0.000000 1.000000
0.962390 0.156583 -0.222006 -3.261648 0.056917 0.682838 0.728349 74.745705 0.265641 -0.713592 0.648244 -67.707321 0.000000 0.000000 0.000000 1.000000
0.961603 0.153568 -0.227458 -3.368944 0.071176 0.660888 0.747102 73.864319 0.265055 -0.734605 0.624581 -68.370178 0.000000 0.000000 0.000000 1.000000
0.961662 0.147565 -0.231152 -3.534655 0.085375 0.639906 0.763696 72.813568 0.260610 -0.754152 0.602774 -69.107918 0.000000 0.000000 0.000000 1.000000
0.961553 0.142595 -0.234697 -3.735301 0.099263 0.616373 0.781173 71.593071 0.256052 -0.774436 0.578521 -69.940918 0.000000 0.000000 0.000000 1.000000
0.960218 0.141846 -0.240542 -3.956132 0.113461 0.588905 0.800198 70.186539 0.255161 -0.795657 0.549384 -70.887405 0.000000 0.000000 0.000000 1.000000
0.957192 0.145694 -0.250116 -4.195538 0.128854 0.559278 0.818905 68.570908 0.259193 -0.816077 0.516563 -71.951988 0.000000 0.000000 0.000000 1.000000
0.952312 0.153134 -0.263915 -4.462834 0.146411 0.529527 0.835563 66.725075 0.267703 -0.834357 0.481855 -73.123123 0.000000 0.000000 0.000000 1.000000
0.945473 0.162892 -0.282042 -4.772050 0.167041 0.500882 0.849244 64.637138 0.279604 -0.850049 0.446361 -74.380653 0.000000 0.000000 0.000000 1.000000
0.936590 0.174083 -0.304129 -5.135823 0.191050 0.473890 0.859609 62.307793 0.293767 -0.863205 0.410582 -75.705650 0.000000 0.000000 0.000000 1.000000
0.925840 0.186216 -0.328852 -5.562020 0.217630 0.448690 0.866784 59.745495 0.308962 -0.874071 0.374889 -77.087570 0.000000 0.000000 0.000000 1.000000
0.913731 0.199170 -0.354156 -6.046283 0.245137 0.424902 0.871416 56.945244 0.324041 -0.883057 0.339422 -78.524925 0.000000 0.000000 0.000000 1.000000
0.900790 0.213339 -0.378237 -6.578877 0.272061 0.401627 0.874459 53.904083 0.338467 -0.890608 0.303740 -80.024399 0.000000 0.000000 0.000000 1.000000
0.887284 0.229580 -0.400026 -7.143721 0.297569 0.377714 0.876804 50.626553 0.352392 -0.897009 0.266823 -81.593185 0.000000 0.000000 0.000000 1.000000
0.873479 0.248749 -0.418520 -7.707945 0.321046 0.351962 0.879234 47.109840 0.366011 -0.902356 0.227571 -83.226501 0.000000 0.000000 0.000000 1.000000
0.860085 0.271065 -0.432178 -8.233245 0.341539 0.323333 0.882500 43.353668 0.378952 -0.906631 0.185515 -84.914909 0.000000 0.000000 0.000000 1.000000
0.848000 0.295673 -0.439855 -8.795627 0.358412 0.291453 0.886902 39.263359 0.390430 -0.909743 0.141179 -86.535889 0.000000 0.000000 0.000000 1.000000
0.837294 0.320822 -0.442732 -9.415763 0.373070 0.256718 0.891580 34.780899 0.399696 -0.911685 0.095260 -88.074257 0.000000 0.000000 0.000000 1.000000
0.826719 0.344627 -0.444711 -10.076199 0.389781 0.219168 0.894447 29.850803 0.405717 -0.912797 0.046861 -89.602997 0.000000 0.000000 0.000000 1.000000
0.814932 0.365759 -0.449562 -10.770608 0.413553 0.176454 0.893218 24.521469 0.406030 -0.913829 -0.007463 -91.120728 0.000000 0.000000 0.000000 1.000000
0.802904 0.384420 -0.455595 -11.402023 0.443829 0.124703 0.887392 19.202398 0.397945 -0.914697 -0.070492 -92.562790 0.000000 0.000000 0.000000 1.000000
0.794182 0.401476 -0.456171 -11.809935 0.473122 0.062580 0.878771 14.709410 0.381353 -0.913729 -0.140248 -93.846962 0.000000 0.000000 0.000000 1.000000
0.792694 0.416825 -0.444851 -11.943302 0.490433 -0.002607 0.871475 11.958410 0.362093 -0.908983 -0.206491 -94.926170 0.000000 0.000000 0.000000 1.000000
0.798166 0.429465 -0.422482 -12.014562 0.490473 -0.056037 0.869653 11.410855 0.349811 -0.901343 -0.255368 -95.832870 0.000000 0.000000 0.000000 1.000000
0.803743 0.440215 -0.400260 -12.361856 0.481453 -0.085956 0.872247 12.608303 0.349571 -0.893769 -0.281030 -96.703056 0.000000 0.000000 0.000000 1.000000
0.800434 0.451148 -0.394678 -13.088291 0.481942 -0.092855 0.871269 14.476219 0.356423 -0.887606 -0.291751 -97.673912 0.000000 0.000000 0.000000 1.000000
0.783192 0.462289 -0.415811 -13.992573 0.506994 -0.087661 0.857480 16.200207 0.359953 -0.882386 -0.303033 -98.820206 0.000000 0.000000 0.000000 1.000000
0.752633 0.472637 -0.458429 -14.808626 0.555808 -0.082761 0.827181 17.593632 0.353016 -0.877362 -0.324984 -100.142929 0.000000 0.000000 0.000000 1.000000
0.714967 0.483144 -0.505365 -15.303160 0.612555 -0.084419 0.785907 18.796377 0.337044 -0.871462 -0.356309 -101.448517 0.000000 0.000000 0.000000 1.000000
0.679977 0.494816 -0.541100 -15.534557 0.659602 -0.090484 0.746149 19.989124 0.320245 -0.864274 -0.387909 -102.657753 0.000000 0.000000 0.000000 1.000000
0.655139 0.505365 -0.561604 -15.620345 0.688855 -0.094282 0.718742 21.127182 0.310278 -0.857740 -0.409891 -103.699921 0.000000 0.000000 0.000000 1.000000
0.641631 0.511819 -0.571271 -15.670776 0.701754 -0.091092 0.706572 22.021660 0.309599 -0.854250 -0.417618 -104.513985 0.000000 0.000000 0.000000 1.000000
0.636402 0.515375 -0.573917 -15.754815 0.703224 -0.081908 0.706234 22.537125 0.316967 -0.853041 -0.414551 -105.096176 0.000000 0.000000 0.000000 1.000000
0.636552 0.520473 -0.569131 -15.868557 0.697141 -0.072705 0.713238 22.678623 0.329842 -0.850777 -0.409123 -105.505821 0.000000 0.000000 0.000000 1.000000
0.641160 0.528956 -0.555985 -15.958535 0.685454 -0.068975 0.724842 22.557392 0.345060 -0.845842 -0.406799 -105.833305 0.000000 0.000000 0.000000 1.000000
0.649837 0.539177 -0.535723 -15.963123 0.669625 -0.072655 0.739138 22.280901 0.359603 -0.839053 -0.408260 -106.132874 0.000000 0.000000 0.000000 1.000000
0.660970 0.548636 -0.511974 -15.831593 0.652137 -0.082413 0.753609 21.883501 0.371263 -0.831990 -0.412258 -106.403519 0.000000 0.000000 0.000000 1.000000
0.672473 0.556194 -0.488292 -15.590307 0.635319 -0.095357 0.766340 21.360006 0.379671 -0.825564 -0.417485 -106.582306 0.000000 0.000000 0.000000 1.000000
0.683390 0.562188 -0.465750 -15.319344 0.619456 -0.108930 0.777437 20.726570 0.386332 -0.819804 -0.422692 -106.601158 0.000000 0.000000 0.000000 1.000000
0.694287 0.567250 -0.442937 -15.061967 0.602454 -0.121387 0.788869 20.035480 0.393719 -0.814551 -0.426019 -106.450394 0.000000 0.000000 0.000000 1.000000
0.705897 0.571668 -0.418216 -14.814862 0.581768 -0.131125 0.802715 19.355667 0.404048 -0.809939 -0.425139 -106.165611 0.000000 0.000000 0.000000 1.000000
0.717560 0.575758 -0.391931 -14.569616 0.556962 -0.136452 0.819252 18.759945 0.418211 -0.806154 -0.418588 -105.792755 0.000000 0.000000 0.000000 1.000000
0.727241 0.580199 -0.366727 -14.336790 0.530547 -0.136188 0.836643 18.308575 0.435476 -0.803008 -0.406865 -105.373100 0.000000 0.000000 0.000000 1.000000
0.733028 0.585669 -0.345921 -14.128758 0.506398 -0.130354 0.852390 18.030478 0.454126 -0.800000 -0.392134 -104.948448 0.000000 0.000000 0.000000 1.000000
0.734444 0.592229 -0.331447 -13.936131 0.487320 -0.120295 0.864898 17.917339 0.472346 -0.796740 -0.376955 -104.562935 0.000000 0.000000 0.000000 1.000000
0.732448 0.599246 -0.323148 -13.737740 0.473995 -0.108117 0.873865 17.930412 0.488722 -0.793231 -0.363230 -104.241722 0.000000 0.000000 0.000000 1.000000
0.728424 0.605917 -0.319786 -13.543350 0.465886 -0.095831 0.879640 18.011539 0.502343 -0.789735 -0.352094 -103.960396 0.000000 0.000000 0.000000 1.000000
0.723319 0.611880 -0.320019 -13.400179 0.462111 -0.084571 0.882780 18.109219 0.513091 -0.786416 -0.343928 -103.668198 0.000000 0.000000 0.000000 1.000000
0.717296 0.617308 -0.323137 -13.344738 0.461993 -0.074202 0.883774 18.207302 0.521583 -0.783214 -0.338417 -103.354721 0.000000 0.000000 0.000000 1.000000
0.710120 0.622511 -0.328953 -13.377585 0.465059 -0.063922 0.882969 18.317238 0.528630 -0.779996 -0.334897 -103.069298 0.000000 0.000000 0.000000 1.000000
0.701661 0.627638 -0.337258 -13.482187 0.470661 -0.052916 0.880726 18.446062 0.534931 -0.776705 -0.332533 -102.867790 0.000000 0.000000 0.000000 1.000000
0.692135 0.632548 -0.347608 -13.639191 0.477946 -0.040783 0.877442 18.580482 0.540848 -0.773446 -0.330551 -102.756134 0.000000 0.000000 0.000000 1.000000
0.682065 0.636943 -0.359292 -13.820414 0.485988 -0.027670 0.873527 18.697491 0.546445 -0.770414 -0.328420 -102.695808 0.000000 0.000000 0.000000 1.000000
0.672066 0.640644 -0.371351 -13.994664 0.493977 -0.014280 0.869358 18.782013 0.551646 -0.767705 -0.326061 -102.651619 0.000000 0.000000 0.000000 1.000000
0.662634 0.643761 -0.382738 -14.151356 0.501409 -0.001713 0.865209 18.832108 0.556332 -0.765225 -0.323923 -102.617447 0.000000 0.000000 0.000000 1.000000
0.654029 0.646600 -0.392625 -14.306559 0.508194 0.008899 0.861197 18.853384 0.560344 -0.762777 -0.322778 -102.603821 0.000000 0.000000 0.000000 1.000000
0.646300 0.649449 -0.400639 -14.482368 0.514549 0.016804 0.857296 18.852329 0.563503 -0.760219 -0.323313 -102.617935 0.000000 0.000000 0.000000 1.000000
0.639426 0.652387 -0.406848 -14.685570 0.520730 0.021846 0.853442 18.834404 0.565662 -0.757571 -0.325749 -102.657623 0.000000 0.000000 0.000000 1.000000
0.633448 0.655230 -0.411604 -14.904272 0.526820 0.024414 0.849626 18.805119 0.566750 -0.755035 -0.329723 -102.716354 0.000000 0.000000 0.000000 1.000000
0.628490 0.657649 -0.415330 -15.117997 0.532693 0.025165 0.845935 18.770533 0.566780 -0.752904 -0.334509 -102.788712 0.000000 0.000000 0.000000 1.000000
0.624737 0.659359 -0.418270 -15.307894 0.538098 0.024618 0.842523 18.736134 0.565822 -0.751425 -0.339421 -102.871521 0.000000 0.000000 0.000000 1.000000
0.622266 0.660335 -0.420408 -15.460509 0.542793 0.023008 0.839551 18.706593 0.564058 -0.750619 -0.344108 -102.961800 0.000000 0.000000 0.000000 1.000000
0.621133 0.660688 -0.421527 -15.567759 0.546565 0.020284 0.837171 18.686134 0.561659 -0.750386 -0.348510 -103.055016 0.000000 0.000000 0.000000 1.000000
0.621381 0.660519 -0.421427 -15.626619 0.549222 0.016399 0.835515 18.677431 0.558785 -0.750630 -0.352582 -103.144554 0.000000 0.000000 0.000000 1.000000
0.622945 0.659897 -0.420090 -15.637848 0.550642 0.011537 0.834662 18.679930 0.555638 -0.751267 -0.356180 -103.223282 0.000000 0.000000 0.000000 1.000000
0.625607 0.658908 -0.417680 -15.603313 0.550808 0.006085 0.834609 18.689438 0.552472 -0.752199 -0.359125 -103.286224 0.000000 0.000000 0.000000 1.000000
0.629041 0.657683 -0.414440 -15.523269 0.549817 0.000485 0.835285 18.698975 0.549554 -0.753295 -0.361300 -103.331757 0.000000 0.000000 0.000000 1.000000
0.632923 0.656357 -0.410614 -15.396129 0.547823 -0.004903 0.836580 18.700617 0.547082 -0.754434 -0.362671 -103.360748 0.000000 0.000000 0.000000 1.000000
0.637077 0.654966 -0.406389 -15.223920 0.544964 -0.009872 0.838402 18.688076 0.545113 -0.755594 -0.363222 -103.374298 0.000000 0.000000 0.000000 1.000000
0.641512 0.653437 -0.401848 -15.018856 0.541294 -0.014400 0.840710 18.658951 0.543565 -0.756844 -0.362940 -103.372894 0.000000 0.000000 0.000000 1.000000
0.646322 0.651696 -0.396937 -14.803256 0.536797 -0.018606 0.843506 18.615479 0.542324 -0.758252 -0.361854 -103.356277 0.000000 0.000000 0.000000 1.000000
0.651511 0.649774 -0.391571 -14.601418 0.531495 -0.022637 0.846759 18.563280 0.541338 -0.759790 -0.360100 -103.324402 0.000000 0.000000 0.000000 1.000000
0.656888 0.647824 -0.385775 -14.428188 0.525572 -0.026556 0.850335 18.509523 0.540623 -0.761327 -0.357922 -103.279549 0.000000 0.000000 0.000000 1.000000
0.662115 0.646060 -0.379749 -14.282742 0.519371 -0.030297 0.854011 18.461445 0.540238 -0.762685 -0.355605 -103.227165 0.000000 0.000000 0.000000 1.000000
0.666806 0.644681 -0.373840 -14.154360 0.513335 -0.033687 0.857527 18.424511 0.540238 -0.763709 -0.353400 -103.173515 0.000000 0.000000 0.000000 1.000000
0.670720 0.643727 -0.368444 -14.034439 0.507863 -0.036549 0.860662 18.400867 0.540565 -0.764382 -0.351439 -103.123131 0.000000 0.000000 0.000000 1.000000
0.673746 0.643136 -0.363927 -13.924681 0.503257 -0.038717 0.863269 18.388996 0.541109 -0.764773 -0.349748 -103.078873 0.000000 0.000000 0.000000 1.000000
0.675835 0.642824 -0.360589 -13.834221 0.499758 -0.040070 0.865238 18.385204 0.541747 -0.764965 -0.348337 -103.042946 0.000000 0.000000 0.000000 1.000000
0.676951 0.642747 -0.358627 -13.771347 0.497545 -0.040556 0.866490 18.385988 0.542389 -0.765004 -0.347250 -103.016930 0.000000 0.000000 0.000000 1.000000
0.677070 0.642910 -0.358110 -13.739338 0.496711 -0.040180 0.866985 18.389004 0.543005 -0.764887 -0.346545 -103.001923 0.000000 0.000000 0.000000 1.000000
0.676206 0.643348 -0.358956 -13.737006 0.497216 -0.039008 0.866749 18.392809 0.543619 -0.764580 -0.346260 -102.998734 0.000000 0.000000 0.000000 1.000000
0.674450 0.644077 -0.360946 -13.760722 0.498885 -0.037171 0.865871 18.396503 0.544270 -0.764057 -0.346390 -103.007629 0.000000 0.000000 0.000000 1.000000
0.671964 0.645076 -0.363787 -13.806146 0.501460 -0.034843 0.864479 18.399687 0.544980 -0.763323 -0.346893 -103.027794 0.000000 0.000000 0.000000 1.000000
0.668942 0.646286 -0.367194 -13.869293 0.504661 -0.032192 0.862717 18.402491 0.545741 -0.762416 -0.347690 -103.057335 0.000000 0.000000 0.000000 1.000000
0.665579 0.647620 -0.370934 -13.946227 0.508233 -0.029336 0.860720 18.405270 0.546538 -0.761398 -0.348667 -103.093216 0.000000 0.000000 0.000000 1.000000
0.662039 0.648997 -0.374844 -14.032562 0.511958 -0.026337 0.858607 18.408113 0.547361 -0.760335 -0.349696 -103.131958 0.000000 0.000000 0.000000 1.000000
0.658459 0.650345 -0.378791 -14.123691 0.515673 -0.023260 0.856470 18.410583 0.548191 -0.759282 -0.350681 -103.170929 0.000000 0.000000 0.000000 1.000000
0.654968 0.651610 -0.382651 -14.215473 0.519259 -0.020212 0.854378 18.412189 0.548987 -0.758285 -0.351592 -103.208702 0.000000 0.000000 0.000000 1.000000</float_array><technique_common><accessor source="#Hips-Matrix-animation-output-transform-array" count="167" stride="16"><param type="float4x4"/></accessor></technique_common></source><source id="Hips-Interpolations"><Name_array id="Hips-Interpolations-array" count="167">
 LINEAR LINEAR LINEAR LINEAR LINEAR LINEAR LINEAR LINEAR LINEAR LINEAR LINEAR
LINEAR LINEAR LINEAR LINEAR LINEAR LINEAR LINEAR LINEAR LINEAR LINEAR LINEAR LINEAR
LINEAR LINEAR LINEAR LINEAR LINEAR LINEAR LINEAR LINEAR LINEAR LINEAR LINEAR LINEAR
LINEAR LINEAR LINEAR LINEAR LINEAR LINEAR LINEAR LINEAR LINEAR LINEAR LINEAR LINEAR
LINEAR LINEAR LINEAR LINEAR LINEAR LINEAR LINEAR LINEAR LINEAR LINEAR LINEAR LINEAR
LINEAR LINEAR LINEAR LINEAR LINEAR LINEAR LINEAR LINEAR LINEAR LINEAR LINEAR LINEAR
LINEAR LINEAR LINEAR LINEAR LINEAR LINEAR LINEAR LINEAR LINEAR LINEAR LINEAR LINEAR
LINEAR LINEAR LINEAR LINEAR LINEAR LINEAR LINEAR LINEAR LINEAR LINEAR LINEAR LINEAR
LINEAR LINEAR LINEAR LINEAR LINEAR LINEAR LINEAR LINEAR LINEAR LINEAR LINEAR LINEAR
LINEAR LINEAR LINEAR LINEAR LINEAR LINEAR LINEAR LINEAR LINEAR LINEAR LINEAR LINEAR
LINEAR LINEAR LINEAR LINEAR LINEAR LINEAR LINEAR LINEAR LINEAR LINEAR LINEAR LINEAR
LINEAR LINEAR LINEAR LINEAR LINEAR LINEAR LINEAR LINEAR LINEAR LINEAR LINEAR LINEAR
LINEAR LINEAR LINEAR LINEAR LINEAR LINEAR LINEAR LINEAR LINEAR LINEAR LINEAR LINEAR
LINEAR LINEAR LINEAR LINEAR LINEAR LINEAR LINEAR LINEAR LINEAR LINEAR LINEAR LINEAR</Name_array><technique_common><accessor source="#Hips-Interpolations-array" count="167"><param type="name"/></accessor></technique_common></source><sampler id="Hips-Matrix-animation-transform"><input semantic="INPUT" source="#Hips-Matrix-animation-input"/><input semantic="OUTPUT" source="#Hips-Matrix-animation-output-transform"/><input semantic="INTERPOLATION" source="#Hips-Interpolations"/></sampler><channel source="#Hips-Matrix-animation-transform" target="Hips/matrix"/></animation>
    <animation id="Spine-anim" name="Spine"><source id="Spine-Matrix-animation-input"><float_array id="Spine-Matrix-animation-input-array" count="167">

0.000000 0.033333 0.066667 0.100000 0.133333 0.166667 0.200000 0.233333 0.266667 0.300000 0.333333 0.366667 0.400000 0.433333 0.466667 0.500000
0.533333 0.566667 0.600000 0.633333 0.666667 0.700000 0.733333 0.766667 0.800000 0.833333 0.866667 0.900000 0.933333 0.966667 1.000000 1.033333
1.066667 1.100000 1.133333 1.166667 1.200000 1.233333 1.266667 1.300000 1.333333 1.366667 1.400000 1.433333 1.466667 1.500000 1.533333 1.566667
1.600000 1.633333 1.666667 1.700000 1.733333 1.766667 1.800000 1.833333 1.866667 1.900000 1.933333 1.966667 2.000000 2.033333 2.066667 2.100000
2.133333 2.166667 2.200000 2.233333 2.266667 2.300000 2.333333 2.366667 2.400000 2.433333 2.466667 2.500000 2.533333 2.566667 2.600000 2.633333
2.666667 2.700000 2.733333 2.766667 2.800000 2.833333 2.866667 2.900000 2.933333 2.966667 3.000000 3.033333 3.066667 3.100000 3.133333 3.166667
3.200000 3.233333 3.266667 3.300000 3.333333 3.366667 3.400000 3.433333 3.466667 3.500000 3.533333 3.566667 3.600000 3.633333 3.666667 3.700000
3.733333 3.766667 3.800000 3.833333 3.866667 3.900000 3.933333 3.966667 4.000000 4.033333 4.066667 4.100000 4.133333 4.166667 4.200000 4.233333
4.266667 4.300000 4.333333 4.366667 4.400000 4.433333 4.466667 4.500000 4.533333 4.566667 4.600000 4.633333 4.666667 4.700000 4.733333 4.766667
4.800000 4.833333 4.866667 4.900000 4.933333 4.966667 5.000000 5.033333 5.066667 5.100000 5.133333 5.166667 5.200000 5.233333 5.266667 5.300000
5.333333 5.366667 5.400000 5.433333 5.466667 5.500000 5.533333</float_array><technique_common><accessor source="#Spine-Matrix-animation-input-array" count="167"><param name="TIME" type="float"/></accessor></technique_common></source><source id="Spine-Matrix-animation-output-transform"><float_array id="Spine-Matrix-animation-output-transform-array" count="2672">

0.999343 -0.035083 -0.009149 -0.000000 0.034671 0.998523 -0.041829 9.526300 0.010603 0.041484 0.999083 1.643800 0.000000 0.000000 0.000000 1.000000
0.999443 -0.032354 -0.008230 0.000000 0.032157 0.999218 -0.023026 9.526300 0.008969 0.022749 0.999701 1.643800 0.000000 0.000000 0.000000 1.000000
0.999531 -0.029311 -0.008843 -0.000000 0.029242 0.999542 -0.007808 9.526300 0.009068 0.007546 0.999930 1.643800 0.000000 0.000000 0.000000 1.000000
0.999611 -0.025514 -0.011289 0.000000 0.025564 0.999664 0.004320 9.526300 0.011175 -0.004607 0.999927 1.643800 0.000000 0.000000 0.000000 1.000000
0.999660 -0.021008 -0.015457 0.000000 0.021227 0.999674 0.014166 9.526300 0.015154 -0.014489 0.999780 1.643800 0.000000 0.000000 0.000000 1.000000
0.999665 -0.016479 -0.019948 0.000000 0.016954 0.999571 0.023880 9.526300 0.019546 -0.024210 0.999516 1.643800 0.000000 0.000000 0.000000 1.000000
0.999669 -0.012836 -0.022281 0.000000 0.013628 0.999268 0.035756 9.526300 0.021805 -0.036048 0.999112 1.643800 0.000000 0.000000 0.000000 1.000000
0.999751 -0.010501 -0.019702 0.000000 0.011492 0.998640 0.050858 9.526300 0.019141 -0.051072 0.998512 1.643800 0.000000 0.000000 0.000000 1.000000
0.999909 -0.008962 -0.010105 -0.000000 0.009633 0.997609 0.068436 9.526300 0.009467 -0.068527 0.997604 1.643800 0.000000 0.000000 0.000000 1.000000
0.999949 -0.006861 0.007389 -0.000000 0.006197 0.996239 0.086426 9.526300 -0.007954 -0.086375 0.996231 1.643800 0.000000 0.000000 0.000000 1.000000
0.999475 -0.002539 0.032290 0.000000 -0.000785 0.994731 0.102512 9.526300 -0.032381 -0.102484 0.994208 1.643800 0.000000 0.000000 0.000000 1.000000
0.998007 0.005286 0.062885 0.000000 -0.012516 0.993270 0.115142 9.526300 -0.061853 -0.115700 0.991357 1.643800 0.000000 0.000000 0.000000 1.000000
0.995188 0.017005 0.096497 -0.000000 -0.028971 0.991860 0.123992 9.526300 -0.093603 -0.126191 0.987580 1.643800 0.000000 0.000000 0.000000 1.000000
0.991017 0.031991 0.129852 0.000000 -0.048975 0.990331 0.129789 9.526300 -0.124444 -0.134983 0.983002 1.643800 0.000000 0.000000 0.000000 1.000000
0.985985 0.048900 0.159506 0.000000 -0.070646 0.988507 0.133654 9.526300 -0.151137 -0.143050 0.978108 1.643800 0.000000 0.000000 0.000000 1.000000
0.981026 0.066137 0.182247 0.000000 -0.091841 0.986384 0.136423 9.526300 -0.170743 -0.150572 0.973743 1.643800 0.000000 0.000000 0.000000 1.000000
0.976955 0.082414 0.196892 0.000000 -0.110898 0.984159 0.138318 9.526300 -0.182374 -0.156965 0.970619 1.643800 0.000000 0.000000 0.000000 1.000000
0.974243 0.096943 0.203597 0.000000 -0.126819 0.982108 0.139217 9.526300 -0.186458 -0.161452 0.969106 1.643800 0.000000 0.000000 0.000000 1.000000
0.972921 0.109116 0.203761 0.000000 -0.139097 0.980459 0.139115 9.526300 -0.184600 -0.163690 0.969086 1.643800 0.000000 0.000000 0.000000 1.000000
0.972784 0.118261 0.199264 -0.000000 -0.147371 0.979378 0.138201 9.526300 -0.178811 -0.163805 0.970152 1.643800 0.000000 0.000000 0.000000 1.000000
0.973668 0.123500 0.191622 -0.000000 -0.151039 0.979064 0.136455 9.526300 -0.170759 -0.161805 0.971937 1.643800 0.000000 0.000000 0.000000 1.000000
0.975551 0.123790 0.181595 0.000000 -0.149120 0.979810 0.133175 9.526300 -0.161443 -0.156998 0.974314 1.643800 0.000000 0.000000 0.000000 1.000000
0.978417 0.118233 0.169473 0.000000 -0.140649 0.981880 0.127002 9.526300 -0.151386 -0.148098 0.977317 1.643800 0.000000 0.000000 0.000000 1.000000
0.982011 0.106597 0.155856 -0.000000 -0.125451 0.985224 0.116597 9.526300 -0.141124 -0.134052 0.980874 1.643800 0.000000 0.000000 0.000000 1.000000
0.985751 0.089809 0.142230 0.000000 -0.104772 0.989308 0.101456 9.526300 -0.131598 -0.114912 0.984620 1.643800 0.000000 0.000000 0.000000 1.000000
0.988935 0.070006 0.130789 0.000000 -0.081209 0.993287 0.082381 9.526300 -0.124144 -0.092091 0.987982 1.643800 0.000000 0.000000 0.000000 1.000000
0.991091 0.049869 0.123496 0.000000 -0.057769 0.996450 0.061236 9.526300 -0.120004 -0.067824 0.990454 1.643800 0.000000 0.000000 0.000000 1.000000
0.992150 0.031467 0.121031 0.000000 -0.036545 0.998532 0.039969 9.526300 -0.119596 -0.044078 0.991844 1.643800 0.000000 0.000000 0.000000 1.000000
0.992364 0.015368 0.122380 -0.000000 -0.017881 0.999651 0.019465 9.526300 -0.122038 -0.021505 0.992292 1.643800 0.000000 0.000000 0.000000 1.000000
0.992140 0.000453 0.125131 0.000000 -0.000327 0.999999 -0.001028 9.526300 -0.125132 0.000979 0.992140 1.643800 0.000000 0.000000 0.000000 1.000000
0.991789 -0.014953 0.127010 -0.000000 0.018020 0.999572 -0.023037 9.526300 -0.126612 0.025136 0.991634 1.643800 0.000000 0.000000 0.000000 1.000000
0.991375 -0.031518 0.127212 0.000000 0.037838 0.998151 -0.047572 9.526300 -0.125477 0.051975 0.990734 1.643800 0.000000 0.000000 0.000000 1.000000
0.990800 -0.048067 0.126510 0.000000 0.057800 0.995550 -0.074420 9.526300 -0.122370 0.081048 0.989170 1.643800 0.000000 0.000000 0.000000 1.000000
0.990057 -0.061510 0.126503 -0.000000 0.074680 0.991962 -0.102149 9.526300 -0.119202 0.110581 0.986693 1.643800 0.000000 0.000000 0.000000 1.000000
0.989399 -0.067846 0.128400 0.000000 0.084460 0.988078 -0.128715 9.526300 -0.118136 0.138195 0.983334 1.643800 0.000000 0.000000 0.000000 1.000000
0.989157 -0.063880 0.132239 -0.000000 0.083946 0.984777 -0.152211 9.526300 -0.120503 0.161662 0.979461 1.643800 0.000000 0.000000 0.000000 1.000000
0.989383 -0.048813 0.136892 0.000000 0.072163 0.982594 -0.171178 9.526300 -0.126154 0.179239 0.975684 1.643800 0.000000 0.000000 0.000000 1.000000
0.989750 -0.024953 0.140613 0.000000 0.050934 0.981543 -0.184332 9.526300 -0.133418 0.189604 0.972754 1.643800 0.000000 0.000000 0.000000 1.000000
0.989914 0.002798 0.141644 0.000000 0.024449 0.981430 -0.190255 9.526300 -0.139546 0.191799 0.971463 1.643800 0.000000 0.000000 0.000000 1.000000
0.989942 0.028498 0.138572 0.000000 -0.002000 0.982222 -0.187713 9.526300 -0.141458 0.185547 0.972400 1.643800 0.000000 0.000000 0.000000 1.000000
0.990353 0.047177 0.130290 -0.000000 -0.023633 0.983989 -0.176658 9.526300 -0.136539 0.171874 0.975611 1.643800 0.000000 0.000000 0.000000 1.000000
0.991676 0.056428 0.115731 0.000000 -0.037564 0.986541 -0.159143 9.526300 -0.123154 0.153471 0.980449 1.643800 0.000000 0.000000 0.000000 1.000000
0.994005 0.056714 0.093471 0.000000 -0.043356 0.989314 -0.139203 9.526300 -0.100367 0.134316 0.985843 1.643800 0.000000 0.000000 0.000000 1.000000
0.996725 0.051419 0.062405 0.000000 -0.043551 0.991639 -0.121469 9.526300 -0.068129 0.118354 0.990632 1.643800 0.000000 0.000000 0.000000 1.000000
0.998745 0.044806 0.022385 0.000000 -0.042118 0.993175 -0.108767 9.526300 -0.027106 0.107688 0.993815 1.643800 0.000000 0.000000 0.000000 1.000000
0.998865 0.040210 -0.025544 0.000000 -0.042626 0.993829 -0.102403 9.526300 0.021269 0.103375 0.994415 1.643800 0.000000 0.000000 0.000000 1.000000
0.996184 0.039554 -0.077806 0.000000 -0.047539 0.993482 -0.103606 9.526300 0.073201 0.106910 0.991570 1.643800 0.000000 0.000000 0.000000 1.000000
0.990857 0.043258 -0.127792 -0.000000 -0.058059 0.991729 -0.114467 9.526300 0.121784 0.120840 0.985173 1.643800 0.000000 0.000000 0.000000 1.000000
0.984603 0.050947 -0.167215 0.000000 -0.074380 0.987773 -0.137010 9.526300 0.158190 0.147338 0.976354 1.643800 0.000000 0.000000 0.000000 1.000000
0.979902 0.062689 -0.189371 0.000000 -0.095762 0.980624 -0.170898 9.526300 0.174988 0.185598 0.966919 1.643800 0.000000 0.000000 0.000000 1.000000
0.978089 0.079333 -0.192478 0.000000 -0.120335 0.969891 -0.211733 9.526300 0.169885 0.230256 0.958186 1.643800 0.000000 0.000000 0.000000 1.000000
0.978360 0.100782 -0.180705 0.000000 -0.145079 0.956834 -0.251835 9.526300 0.147524 0.272602 0.950750 1.643800 0.000000 0.000000 0.000000 1.000000
0.978992 0.123947 -0.161902 0.000000 -0.166463 0.944392 -0.283573 9.526300 0.117751 0.304566 0.945185 1.643800 0.000000 0.000000 0.000000 1.000000
0.979176 0.143500 -0.143605 0.000000 -0.181561 0.935474 -0.303189 9.526300 0.090831 0.322948 0.942048 1.643800 0.000000 0.000000 0.000000 1.000000
0.979300 0.155203 -0.129938 0.000000 -0.188994 0.930955 -0.312416 9.526300 0.072479 0.330506 0.941017 1.643800 0.000000 0.000000 0.000000 1.000000
0.979969 0.158371 -0.120748 0.000000 -0.189230 0.929461 -0.316692 9.526300 0.062075 0.333197 0.940811 1.643800 0.000000 0.000000 0.000000 1.000000
