<?xml version="1.0" encoding="utf-8"?>
<COLLADA xmlns="http://www.collada.org/2005/11/COLLADASchema" version="1.4.1">
  <asset><contributor><author>Mixamo</author><authoring_tool>COLLADA Mixamo exporter</authoring_tool><comments></comments></contributor><created>2018-10-14T15:32:22Z</created><modified>2018-10-14T15:32:22Z</modified><revision></revision><title></title><unit meter="0.010000"/><up_axis>Y_UP</up_axis></asset>
  <library_animations>
    <animation id="Hips-anim" name="Hips"><source id="Hips-Matrix-animation-input"><float_array id="Hips-Matrix-animation-input-array" count="79">

0.000000 0.033333 0.066667 0.100000 0.133333 0.166667 0.200000 0.233333 0.266667 0.300000 0.333333 0.366667 0.400000 0.433333 0.466667 0.500000
0.533333 0.566667 0.600000 0.633333 0.666667 0.700000 0.733333 0.766667 0.800000 0.833333 0.866667 0.900000 0.933333 0.966667 1.000000 1.033333
1.066667 1.100000 1.133333 1.166667 1.200000 1.233333 1.266667 1.300000 1.333333 1.366667 1.400000 1.433333 1.466667 1.500000 1.533333 1.566667
1.600000 1.633333 1.666667 1.700000 1.733333 1.766667 1.800000 1.833333 1.866667 1.900000 1.933333 1.966667 2.000000 2.033333 2.066667 2.100000
2.133333 2.166667 2.200000 2.233333 2.266667 2.300000 2.333333 2.366667 2.400000 2.433333 2.466667 2.500000 2.533333 2.566667 2.600000</float_array><technique_common><accessor source="#Hips-Matrix-animation-input-array" count="79"><param name="TIME" type="float"/></accessor></technique_common></source><source id="Hips-Matrix-animation-output-transform"><float_array id="Hips-Matrix-animation-output-transform-array" count="1264">

0.945646 -0.002922 -0.325184 -0.000005 -0.063178 0.979257 -0.192521 92.272354 0.319001 0.202601 0.925846 0.000001 0.000000 0.000000 0.000000 1.000000
0.947872 -0.000475 -0.318652 -0.264634 -0.065629 0.978269 -0.196680 92.717201 0.311821 0.207340 0.927242 -0.117290 0.000000 0.000000 0.000000 1.000000
0.949849 -0.000028 -0.312709 -0.568431 -0.065942 0.977495 -0.200386 93.124496 0.305677 0.210957 0.928471 -0.281059 0.000000 0.000000 0.000000 1.000000
0.950295 -0.001094 -0.311349 -0.983640 -0.064245 0.977785 -0.199523 93.505440 0.304651 0.209609 0.929114 -0.524952 0.000000 0.000000 0.000000 1.000000
0.947589 -0.004784 -0.319457 -1.546253 -0.059177 0.979959 -0.190207 93.823212 0.313965 0.199143 0.928315 -0.798465 0.000000 0.000000 0.000000 1.000000
0.939610 -0.013486 -0.341981 -2.239962 -0.047732 0.984294 -0.169961 93.990540 0.338902 0.176021 0.924209 -0.968306 0.000000 0.000000 0.000000 1.000000
0.923431 -0.028462 -0.382707 -2.979567 -0.027253 0.989864 -0.139377 93.936630 0.382795 0.139135 0.913296 -0.886675 0.000000 0.000000 0.000000 1.000000
0.900816 -0.043892 -0.431977 -3.602273 0.000160 0.994911 -0.100757 93.681358 0.434201 0.090695 0.896239 -0.420314 0.000000 0.000000 0.000000 1.000000
0.863595 -0.056784 -0.500979 -4.212485 0.028602 0.997555 -0.063765 93.273849 0.503375 0.040738 0.863107 0.406832 0.000000 0.000000 0.000000 1.000000
0.803520 -0.065866 -0.591623 -4.950764 0.055279 0.997821 -0.036011 92.841705 0.592706 -0.003769 0.805410 1.585009 0.000000 0.000000 0.000000 1.000000
0.721604 -0.074272 -0.688310 -5.843801 0.080558 0.996483 -0.023071 92.566956 0.687603 -0.038801 0.725049 3.121056 0.000000 0.000000 0.000000 1.000000
0.677259 -0.106171 -0.728044 -6.019716 0.111219 0.992936 -0.041340 92.554146 0.727290 -0.052975 0.684282 4.898467 0.000000 0.000000 0.000000 1.000000
0.640899 -0.136850 -0.755328 -6.087448 0.143918 0.987953 -0.056882 92.591209 0.754014 -0.072250 0.652873 6.561722 0.000000 0.000000 0.000000 1.000000
0.606712 -0.160256 -0.778600 -6.152047 0.173556 0.982543 -0.066992 92.502251 0.775744 -0.094486 0.623934 8.022207 0.000000 0.000000 0.000000 1.000000
0.576917 -0.178163 -0.797135 -6.187239 0.198192 0.977290 -0.074989 92.304756 0.792393 -0.114723 0.599126 9.259700 0.000000 0.000000 0.000000 1.000000
0.557460 -0.196557 -0.806600 -6.108044 0.219335 0.971918 -0.085256 92.171860 0.800707 -0.129389 0.584917 10.274893 0.000000 0.000000 0.000000 1.000000
0.545833 -0.212232 -0.810570 -5.964603 0.232745 0.967723 -0.096651 92.007500 0.804920 -0.135901 0.577611 10.954608 0.000000 0.000000 0.000000 1.000000
0.537759 -0.222343 -0.813252 -5.754646 0.235281 0.965854 -0.108485 91.851921 0.809604 -0.133004 0.571709 11.421666 0.000000 0.000000 0.000000 1.000000
0.536541 -0.228708 -0.812291 -5.412746 0.230757 0.965650 -0.119466 91.806694 0.811711 -0.123343 0.570886 11.801682 0.000000 0.000000 0.000000 1.000000
0.546158 -0.232179 -0.804863 -4.916606 0.221755 0.966617 -0.128363 91.863846 0.807797 -0.108376 0.579412 12.152889 0.000000 0.000000 0.000000 1.000000
0.571453 -0.231272 -0.787372 -4.313600 0.208179 0.968936 -0.133511 91.924393 0.793790 -0.087619 0.601847 12.462100 0.000000 0.000000 0.000000 1.000000
0.626832 -0.219306 -0.747654 -3.777125 0.188050 0.973786 -0.127976 92.081314 0.756121 -0.060377 0.651641 12.720993 0.000000 0.000000 0.000000 1.000000
0.711561 -0.195707 -0.674818 -3.381525 0.165793 0.980072 -0.109415 92.549118 0.682783 -0.034025 0.729828 12.923645 0.000000 0.000000 0.000000 1.000000
0.813379 -0.161562 -0.558849 -2.999709 0.137447 0.986834 -0.085244 93.187065 0.565263 -0.007477 0.824877 13.146785 0.000000 0.000000 0.000000 1.000000
0.910298 -0.122170 -0.395515 -2.634697 0.103670 0.992291 -0.067904 93.934891 0.400762 0.020810 0.915946 13.274364 0.000000 0.000000 0.000000 1.000000
0.977215 -0.084943 -0.194512 -2.409548 0.073118 0.995057 -0.067199 94.829178 0.199259 0.051445 0.978596 12.987566 0.000000 0.000000 0.000000 1.000000
0.998384 -0.056328 0.007479 -2.177443 0.056734 0.995516 -0.075692 95.695305 -0.003182 0.075994 0.997103 11.893943 0.000000 0.000000 0.000000 1.000000
0.985264 -0.022865 0.169506 -1.619125 0.038661 0.995148 -0.090480 96.034187 -0.166615 0.095700 0.981367 10.304047 0.000000 0.000000 0.000000 1.000000
0.959355 0.023222 0.281246 -1.014226 0.010008 0.993182 -0.116142 95.776382 -0.282026 0.114236 0.952582 8.464911 0.000000 0.000000 0.000000 1.000000
0.935945 0.071190 0.344875 -0.729424 -0.017331 0.987477 -0.156806 95.163582 -0.351719 0.140785 0.925459 6.777420 0.000000 0.000000 0.000000 1.000000
0.923133 0.096584 0.372152 -1.052739 -0.018069 0.977762 -0.208937 94.615517 -0.384056 0.186152 0.904350 5.719958 0.000000 0.000000 0.000000 1.000000
0.916075 0.101935 0.387836 -1.772916 0.005961 0.963584 -0.267339 94.109886 -0.400963 0.247214 0.882107 5.351052 0.000000 0.000000 0.000000 1.000000
0.900510 0.114672 0.419442 -2.493403 0.021373 0.951763 -0.306090 93.041603 -0.434309 0.284602 0.854621 5.255847 0.000000 0.000000 0.000000 1.000000
0.876457 0.133959 0.462469 -3.184930 0.027318 0.945134 -0.325539 91.477173 -0.480704 0.297955 0.824710 5.391534 0.000000 0.000000 0.000000 1.000000
0.850577 0.159249 0.501158 -3.858262 0.023699 0.940464 -0.339067 89.674309 -0.525317 0.300280 0.796162 5.718073 0.000000 0.000000 0.000000 1.000000
0.834212 0.194952 0.515833 -4.510673 0.008582 0.930720 -0.365631 87.951462 -0.551377 0.309440 0.774745 6.127891 0.000000 0.000000 0.000000 1.000000
0.825822 0.233581 0.513281 -5.116498 -0.009949 0.916078 -0.400877 86.350639 -0.563842 0.325947 0.758842 6.302511 0.000000 0.000000 0.000000 1.000000
0.826184 0.256981 0.501379 -5.610034 -0.023450 0.904830 -0.425127 85.139229 -0.562912 0.339476 0.753582 6.305271 0.000000 0.000000 0.000000 1.000000
0.836832 0.259305 0.482155 -5.878615 -0.031195 0.901868 -0.430885 84.554512 -0.546571 0.345537 0.762801 6.157691 0.000000 0.000000 0.000000 1.000000
0.856389 0.243046 0.455552 -5.909292 -0.032510 0.905916 -0.422208 84.638603 -0.515307 0.346764 0.783717 5.817486 0.000000 0.000000 0.000000 1.000000
0.881050 0.216297 0.420673 -5.807279 -0.027438 0.911202 -0.411046 85.198715 -0.472226 0.350610 0.808749 5.192746 0.000000 0.000000 0.000000 1.000000
0.908685 0.188350 0.372579 -5.751696 -0.030100 0.919679 -0.391517 85.707733 -0.416395 0.344551 0.841368 4.264133 0.000000 0.000000 0.000000 1.000000
0.934218 0.169529 0.313842 -6.000752 -0.046616 0.930321 -0.363773 86.150658 -0.353644 0.325213 0.877025 3.115422 0.000000 0.000000 0.000000 1.000000
0.956896 0.151376 0.247862 -6.268203 -0.063963 0.942314 -0.328561 86.743599 -0.283300 0.298545 0.911379 1.972640 0.000000 0.000000 0.000000 1.000000
0.976270 0.128913 0.174006 -6.370081 -0.074014 0.953755 -0.291332 87.583977 -0.203516 0.271539 0.940663 0.966856 0.000000 0.000000 0.000000 1.000000
0.990456 0.104463 0.089910 -6.374712 -0.078033 0.962734 -0.258948 88.600906 -0.113610 0.249461 0.961698 0.082714 0.000000 0.000000 0.000000 1.000000
0.996540 0.083033 0.003651 -6.933494 -0.079867 0.968849 -0.234422 89.663849 -0.023002 0.233319 0.972128 -0.919665 0.000000 0.000000 0.000000 1.000000
0.994547 0.067008 -0.079916 -7.549243 -0.082443 0.974445 -0.208952 90.720795 0.063873 0.214401 0.974655 -1.832525 0.000000 0.000000 0.000000 1.000000
0.986055 0.054177 -0.157351 -8.154402 -0.082771 0.979940 -0.181289 91.690201 0.144373 0.191786 0.970760 -2.626399 0.000000 0.000000 0.000000 1.000000
0.973272 0.040762 -0.226009 -8.773977 -0.077068 0.985026 -0.154225 92.565956 0.216338 0.167521 0.961839 -3.313795 0.000000 0.000000 0.000000 1.000000
0.958513 0.022898 -0.284128 -9.438674 -0.062943 0.989166 -0.132623 93.390739 0.278013 0.145005 0.949570 -3.905551 0.000000 0.000000 0.000000 1.000000
0.943426 0.004903 -0.331546 -9.877904 -0.045875 0.992205 -0.115864 93.980438 0.328394 0.124519 0.936297 -4.228594 0.000000 0.000000 0.000000 1.000000
0.927981 -0.012265 -0.372425 -10.085675 -0.028416 0.994218 -0.103548 94.313278 0.371542 0.106674 0.922268 -4.314287 0.000000 0.000000 0.000000 1.000000
0.911998 -0.027709 -0.409259 -10.174673 -0.012019 0.995482 -0.094184 94.497658 0.410019 0.090814 0.907544 -4.235391 0.000000 0.000000 0.000000 1.000000
0.895956 -0.040926 -0.442254 -10.223790 0.002474 0.996190 -0.087174 94.616478 0.444137 0.077010 0.892643 -4.056420 0.000000 0.000000 0.000000 1.000000
0.881156 -0.052194 -0.469935 -10.245951 0.014839 0.996452 -0.082847 94.692673 0.472592 0.066028 0.878804 -3.827069 0.000000 0.000000 0.000000 1.000000
0.867546 -0.062865 -0.493369 -10.184180 0.025921 0.996346 -0.081374 94.654350 0.496682 0.057808 0.866005 -3.632026 0.000000 0.000000 0.000000 1.000000
0.855285 -0.071408 -0.513214 -9.966152 0.035157 0.996173 -0.080016 94.557892 0.516963 0.050393 0.854523 -3.437959 0.000000 0.000000 0.000000 1.000000
0.845645 -0.077999 -0.528016 -9.629357 0.040806 0.995817 -0.081751 94.409256 0.532184 0.047586 0.845290 -3.241127 0.000000 0.000000 0.000000 1.000000
0.839419 -0.083409 -0.537047 -9.206579 0.042583 0.995209 -0.088008 94.204948 0.541814 0.051007 0.838949 -3.038717 0.000000 0.000000 0.000000 1.000000
0.836765 -0.088275 -0.540400 -8.707307 0.041737 0.994331 -0.097799 93.945862 0.545970 0.059280 0.835705 -2.828101 0.000000 0.000000 0.000000 1.000000
0.839209 -0.092004 -0.535969 -8.122643 0.039675 0.993316 -0.108390 93.696648 0.542359 0.069697 0.837251 -2.621454 0.000000 0.000000 0.000000 1.000000
0.845965 -0.093888 -0.524908 -7.458843 0.036347 0.992241 -0.118901 93.443207 0.531998 0.081507 0.842813 -2.405709 0.000000 0.000000 0.000000 1.000000
0.854644 -0.094555 -0.510533 -6.759284 0.031214 0.990856 -0.131261 93.188705 0.518276 0.096245 0.849781 -2.209636 0.000000 0.000000 0.000000 1.000000
0.864096 -0.094606 -0.494357 -6.058034 0.024791 0.988984 -0.145931 92.928322 0.502717 0.113843 0.856922 -2.041795 0.000000 0.000000 0.000000 1.000000
0.874421 -0.094065 -0.475963 -5.362269 0.018435 0.986759 -0.161145 92.652718 0.484818 0.132134 0.864576 -1.878450 0.000000 0.000000 0.000000 1.000000
0.884391 -0.090637 -0.457862 -4.587329 0.011474 0.984889 -0.172804 92.389595 0.466606 0.147572 0.872067 -1.642514 0.000000 0.000000 0.000000 1.000000
0.893939 -0.083123 -0.440413 -3.786163 0.002572 0.983586 -0.180420 92.135323 0.448181 0.160151 0.879480 -1.366761 0.000000 0.000000 0.000000 1.000000
0.902877 -0.074081 -0.423468 -3.022172 -0.005904 0.982811 -0.184520 91.852043 0.429859 0.169099 0.886920 -1.055421 0.000000 0.000000 0.000000 1.000000
0.910967 -0.065593 -0.407231 -2.289716 -0.012415 0.982468 -0.186019 91.588203 0.412293 0.174513 0.894181 -0.708090 0.000000 0.000000 0.000000 1.000000
0.917948 -0.058365 -0.392383 -1.532762 -0.017051 0.982399 -0.186016 91.454224 0.396334 0.177444 0.900796 -0.327396 0.000000 0.000000 0.000000 1.000000
0.923948 -0.051204 -0.379077 -0.849611 -0.021404 0.982527 -0.184885 91.357002 0.381920 0.178938 0.906708 0.051872 0.000000 0.000000 0.000000 1.000000
0.929075 -0.045268 -0.367112 -0.320934 -0.024447 0.982799 -0.183056 91.255119 0.369084 0.179047 0.911986 0.367692 0.000000 0.000000 0.000000 1.000000
0.933601 -0.041100 -0.355949 0.078171 -0.026175 0.982923 -0.182145 91.150192 0.357357 0.179368 0.916582 0.573832 0.000000 0.000000 0.000000 1.000000
0.937284 -0.037854 -0.346504 0.369512 -0.027684 0.982861 -0.182259 91.082527 0.347465 0.180421 0.920172 0.652246 0.000000 0.000000 0.000000 1.000000
0.939600 -0.033661 -0.340615 0.550319 -0.030937 0.982727 -0.182457 91.117020 0.340873 0.181975 0.922329 0.613351 0.000000 0.000000 0.000000 1.000000
0.941384 -0.028243 -0.336152 0.571933 -0.037315 0.981656 -0.186976 91.276344 0.335266 0.188559 0.923061 0.475711 0.000000 0.000000 0.000000 1.000000
0.943258 -0.019549 -0.331485 0.435534 -0.046682 0.980545 -0.190663 91.543602 0.328763 0.195319 0.923994 0.296161 0.000000 0.000000 0.000000 1.000000
0.944789 -0.009900 -0.327529 0.202824 -0.056419 0.979701 -0.192360 91.927231 0.322785 0.200218 0.925053 0.119966 0.000000 0.000000 0.000000 1.000000</float_array><technique_common><accessor source="#Hips-Matrix-animation-output-transform-array" count="79" stride="16"><param type="float4x4"/></accessor></technique_common></source><source id="Hips-Interpolations"><Name_array id="Hips-Interpolations-array" count="79">
 LINEAR LINEAR LINEAR LINEAR LINEAR LINEAR LINEAR LINEAR LINEAR LINEAR LINEAR
LINEAR LINEAR LINEAR LINEAR LINEAR LINEAR LINEAR LINEAR LINEAR LINEAR LINEAR LINEAR
LINEAR LINEAR LINEAR LINEAR LINEAR LINEAR LINEAR LINEAR LINEAR LINEAR LINEAR LINEAR
LINEAR LINEAR LINEAR LINEAR LINEAR LINEAR LINEAR LINEAR LINEAR LINEAR LINEAR LINEAR
LINEAR LINEAR LINEAR LINEAR LINEAR LINEAR LINEAR LINEAR LINEAR LINEAR LINEAR LINEAR
LINEAR LINEAR LINEAR LINEAR LINEAR LINEAR LINEAR LINEAR LINEAR LINEAR LINEAR LINEAR
LINEAR LINEAR LINEAR LINEAR LINEAR LINEAR LINEAR LINEAR</Name_array><technique_common><accessor source="#Hips-Interpolations-array" count="79"><param type="name"/></accessor></technique_common></source><sampler id="Hips-Matrix-animation-transform"><input semantic="INPUT" source="#Hips-Matrix-animation-input"/><input semantic="OUTPUT" source="#Hips-Matrix-animation-output-transform"/><input semantic="INTERPOLATION" source="#Hips-Interpolations"/></sampler><channel source="#Hips-Matrix-animation-transform" target="Hips/matrix"/></animation>
    <animation id="Spine-anim" name="Spine"><source id="Spine-Matrix-animation-input"><float_array id="Spine-Matrix-animation-input-array" count="79">

0.000000 0.033333 0.066667 0.100000 0.133333 0.166667 0.200000 0.233333 0.266667 0.300000 0.333333 0.366667 0.400000 0.433333 0.466667 0.500000
0.533333 0.566667 0.600000 0.633333 0.666667 0.700000 0.733333 0.766667 0.800000 0.833333 0.866667 0.900000 0.933333 0.966667 1.000000 1.033333
1.066667 1.100000 1.133333 1.166667 1.200000 1.233333 1.266667 1.300000 1.333333 1.366667 1.400000 1.433333 1.466667 1.500000 1.533333 1.566667
1.600000 1.633333 1.666667 1.700000 1.733333 1.766667 1.800000 1.833333 1.866667 1.900000 1.933333 1.966667 2.000000 2.033333 2.066667 2.100000
2.133333 2.166667 2.200000 2.233333 2.266667 2.300000 2.333333 2.366667 2.400000 2.433333 2.466667 2.500000 2.533333 2.566667 2.600000</float_array><technique_common><accessor source="#Spine-Matrix-animation-input-array" count="79"><param name="TIME" type="float"/></accessor></technique_common></source><source id="Spine-Matrix-animation-output-transform"><float_array id="Spine-Matrix-animation-output-transform-array" count="1264">

0.999343 -0.035084 -0.009149 -0.000000 0.034672 0.998523 -0.041829 9.526300 0.010603 0.041484 0.999083 1.643800 0.000000 0.000000 0.000000 1.000000
0.999448 -0.032951 -0.004200 0.000000 0.032762 0.998694 -0.039210 9.526300 0.005487 0.039050 0.999222 1.643800 0.000000 0.000000 0.000000 1.000000
0.999502 -0.031339 0.003600 0.000000 0.031448 0.998869 -0.035660 9.526300 -0.002478 0.035756 0.999357 1.643800 0.000000 0.000000 0.000000 1.000000
0.999392 -0.032436 0.012805 -0.000000 0.032813 0.998996 -0.030489 9.526300 -0.011803 0.030891 0.999453 1.643800 0.000000 0.000000 0.000000 1.000000
0.999091 -0.038098 0.019127 0.000000 0.038521 0.999011 -0.022204 9.526300 -0.018262 0.022920 0.999570 1.643800 0.000000 0.000000 0.000000 1.000000
0.998669 -0.048442 0.017688 -0.000000 0.048604 0.998779 -0.008826 9.526300 -0.017239 0.009674 0.999805 1.643800 0.000000 0.000000 0.000000 1.000000
0.998314 -0.055702 0.016349 -0.000000 0.055520 0.998393 0.011392 9.526300 -0.016957 -0.010465 0.999801 1.643800 0.000000 0.000000 0.000000 1.000000
0.998112 -0.060893 0.008007 0.000000 0.060615 0.997671 0.031269 9.526300 -0.009892 -0.030725 0.999479 1.643800 0.000000 0.000000 0.000000 1.000000
0.997616 -0.067589 -0.013933 -0.000000 0.068240 0.996246 0.053267 9.526300 0.010280 -0.054091 0.998483 1.643800 0.000000 0.000000 0.000000 1.000000
0.995723 -0.078745 -0.048316 0.000000 0.082390 0.993483 0.078763 9.526300 0.041798 -0.082407 0.995722 1.643800 0.000000 0.000000 0.000000 1.000000
0.991668 -0.095634 -0.086307 -0.000000 0.104548 0.988911 0.105473 9.526300 0.075263 -0.113617 0.990670 1.643800 0.000000 0.000000 0.000000 1.000000
0.986664 -0.110705 -0.119327 -0.000000 0.125134 0.984720 0.121110 9.526300 0.104096 -0.134427 0.985441 1.643800 0.000000 0.000000 0.000000 1.000000
0.982555 -0.121121 -0.141119 0.000000 0.139626 0.981688 0.129591 9.526300 0.122839 -0.147034 0.981474 1.643800 0.000000 0.000000 0.000000 1.000000
0.978802 -0.128201 -0.159721 0.000000 0.149745 0.979999 0.131068 9.526300 0.139723 -0.152207 0.978422 1.643800 0.000000 0.000000 0.000000 1.000000
0.974395 -0.135850 -0.179164 -0.000000 0.159719 0.979052 0.126283 9.526300 0.158255 -0.151666 0.975681 1.643800 0.000000 0.000000 0.000000 1.000000
0.969070 -0.148009 -0.197477 0.000000 0.173324 0.977809 0.117680 9.526300 0.175677 -0.148267 0.973219 1.643800 0.000000 0.000000 0.000000 1.000000
0.964769 -0.152234 -0.214584 0.000000 0.179026 0.977516 0.111411 9.526300 0.192799 -0.145902 0.970330 1.643800 0.000000 0.000000 0.000000 1.000000
0.961749 -0.151343 -0.228328 0.000000 0.179366 0.977910 0.107327 9.526300 0.207041 -0.144176 0.967650 1.643800 0.000000 0.000000 0.000000 1.000000
0.960075 -0.151225 -0.235345 0.000000 0.179720 0.978137 0.104637 9.526300 0.214376 -0.142755 0.966263 1.643800 0.000000 0.000000 0.000000 1.000000
0.959640 -0.152790 -0.236106 0.000000 0.181179 0.977987 0.103513 9.526300 0.215093 -0.142112 0.966198 1.643800 0.000000 0.000000 0.000000 1.000000
0.960120 -0.151976 -0.234675 0.000000 0.180543 0.977908 0.105355 9.526300 0.213479 -0.143522 0.966348 1.643800 0.000000 0.000000 0.000000 1.000000
0.961125 -0.149739 -0.231986 0.000000 0.179094 0.977549 0.111015 9.526300 0.210155 -0.148247 0.966363 1.643800 0.000000 0.000000 0.000000 1.000000
0.963009 -0.141616 -0.229255 0.000000 0.172576 0.977526 0.121080 9.526300 0.206956 -0.156165 0.965806 1.643800 0.000000 0.000000 0.000000 1.000000
0.967273 -0.129872 -0.217982 0.000000 0.160932 0.978190 0.131320 9.526300 0.196173 -0.162102 0.967078 1.643800 0.000000 0.000000 0.000000 1.000000
0.975560 -0.112531 -0.188730 0.000000 0.140210 0.980123 0.140357 9.526300 0.169184 -0.163388 0.971947 1.643800 0.000000 0.000000 0.000000 1.000000
0.987291 -0.084200 -0.134785 0.000000 0.104004 0.983598 0.147372 9.526300 0.120166 -0.159517 0.979854 1.643800 0.000000 0.000000 0.000000 1.000000
0.996429 -0.050807 -0.067432 0.000000 0.059789 0.988532 0.138668 9.526300 0.059613 -0.142205 0.988041 1.643800 0.000000 0.000000 0.000000 1.000000
0.999270 -0.038026 0.003592 0.000000 0.037371 0.992806 0.113749 9.526300 -0.007892 -0.113532 0.993503 1.643800 0.000000 0.000000 0.000000 1.000000
0.996334 -0.054361 0.066064 0.000000 0.048132 0.994552 0.092466 9.526300 -0.070731 -0.088947 0.993522 1.643800 0.000000 0.000000 0.000000 1.000000
0.989153 -0.090467 0.115723 0.000000 0.081178 0.993270 0.082616 9.526300 -0.122418 -0.072325 0.989840 1.643800 0.000000 0.000000 0.000000 1.000000
0.980765 -0.118361 0.155210 0.000000 0.108160 0.991477 0.072633 9.526300 -0.162484 -0.054449 0.985208 1.643800 0.000000 0.000000 0.000000 1.000000
0.976779 -0.113772 0.181546 0.000000 0.105838 0.992978 0.052840 9.526300 -0.186283 -0.032399 0.981962 1.643800 0.000000 0.000000 0.000000 1.000000
0.970345 -0.115027 0.212602 0.000000 0.110247 0.993314 0.034244 9.526300 -0.215120 -0.009790 0.976539 1.643800 0.000000 0.000000 0.000000 1.000000
0.960000 -0.123155 0.251462 -0.000000 0.123562 0.992235 0.014236 9.526300 -0.251263 0.017405 0.967762 1.643800 0.000000 0.000000 0.000000 1.000000
0.953127 -0.127047 0.274605 0.000000 0.136185 0.990579 -0.014388 9.526300 -0.270190 0.051110 0.961449 1.643800 0.000000 0.000000 0.000000 1.000000
0.962781 -0.115556 0.244335 0.000000 0.133908 0.989186 -0.059826 9.526300 -0.234780 0.090317 0.967844 1.643800 0.000000 0.000000 0.000000 1.000000
0.975268 -0.094723 0.199700 0.000000 0.117186 0.987668 -0.103822 9.526300 -0.187403 0.124657 0.974341 1.643800 0.000000 0.000000 0.000000 1.000000
0.986395 -0.069563 0.148948 0.000000 0.091262 0.985332 -0.144194 9.526300 -0.136733 0.155825 0.978275 1.643800 0.000000 0.000000 0.000000 1.000000
0.994789 -0.041267 0.093234 0.000000 0.057381 0.982468 -0.177383 9.526300 -0.084279 0.181808 0.979716 1.643800 0.000000 0.000000 0.000000 1.000000
0.998965 -0.014511 0.043117 0.000000 0.022688 0.980403 -0.195694 9.526300 -0.039432 0.196470 0.979717 1.643800 0.000000 0.000000 0.000000 1.000000
0.999851 0.004129 0.016740 0.000000 -0.000832 0.981336 -0.192301 9.526300 -0.017222 0.192258 0.981193 1.643800 0.000000 0.000000 0.000000 1.000000
0.999897 0.012689 0.006663 0.000000 -0.011334 0.984631 -0.174280 9.526300 -0.008773 0.174187 0.984674 1.643800 0.000000 0.000000 0.000000 1.000000
0.999947 0.010303 -0.000100 0.000000 -0.010203 0.988820 -0.148763 9.526300 -0.001434 0.148756 0.988873 1.643800 0.000000 0.000000 0.000000 1.000000
0.999994 0.002902 0.001933 0.000000 -0.002637 0.992141 -0.125096 9.526300 -0.002281 0.125090 0.992143 1.643800 0.000000 0.000000 0.000000 1.000000
0.999881 -0.004976 0.014631 0.000000 0.006499 0.994349 -0.105962 9.526300 -0.014021 0.106044 0.994263 1.643800 0.000000 0.000000 0.000000 1.000000
0.999463 -0.010850 0.030923 -0.000000 0.013527 0.996054 -0.087716 9.526300 -0.029850 0.088087 0.995665 1.643800 0.000000 0.000000 0.000000 1.000000
0.999633 -0.012393 0.024086 0.000000 0.014066 0.997410 -0.070538 9.526300 -0.023149 0.070851 0.997218 1.643800 0.000000 0.000000 0.000000 1.000000
0.999725 -0.022774 0.005547 0.000000 0.023053 0.998112 -0.056925 9.526300 -0.004240 0.057037 0.998363 1.643800 0.000000 0.000000 0.000000 1.000000
0.999241 -0.035720 -0.015524 0.000000 0.034951 0.998271 -0.047252 9.526300 0.017185 0.046674 0.998762 1.643800 0.000000 0.000000 0.000000 1.000000
0.998460 -0.043586 -0.034332 0.000000 0.042178 0.998280 -0.040717 9.526300 0.036048 0.039206 0.998581 1.643800 0.000000 0.000000 0.000000 1.000000
0.997821 -0.042129 -0.050786 0.000000 0.040338 0.998545 -0.035794 9.526300 0.052220 0.033667 0.998068 1.643800 0.000000 0.000000 0.000000 1.000000
0.997028 -0.044504 -0.062886 0.000000 0.042641 0.998620 -0.030666 9.526300 0.064164 0.027894 0.997549 1.643800 0.000000 0.000000 0.000000 1.000000
0.996191 -0.051338 -0.070482 -0.000000 0.049659 0.998444 -0.025379 9.526300 0.071675 0.021783 0.997190 1.643800 0.000000 0.000000 0.000000 1.000000
0.995278 -0.059874 -0.076396 0.000000 0.058516 0.998088 -0.019900 9.526300 0.077442 0.015336 0.996879 1.643800 0.000000 0.000000 0.000000 1.000000
0.994237 -0.067997 -0.082884 0.000000 0.067033 0.997647 -0.014357 9.526300 0.083665 0.008718 0.996456 1.643800 0.000000 0.000000 0.000000 1.000000
0.993078 -0.074881 -0.090488 -0.000000 0.074364 0.997190 -0.009082 9.526300 0.090914 0.002291 0.995856 1.643800 0.000000 0.000000 0.000000 1.000000
0.992363 -0.079165 -0.094599 0.000000 0.079105 0.996857 -0.004390 9.526300 0.094650 -0.003127 0.995506 1.643800 0.000000 0.000000 0.000000 1.000000
0.992145 -0.080945 -0.095370 0.000000 0.081112 0.996703 -0.002124 9.526300 0.095227 -0.005628 0.995440 1.643800 0.000000 0.000000 0.000000 1.000000
0.992134 -0.082052 -0.094541 0.000000 0.082265 0.996609 -0.001652 9.526300 0.094356 -0.006138 0.995520 1.643800 0.000000 0.000000 0.000000 1.000000
0.992091 -0.084022 -0.093254 -0.000000 0.084192 0.996447 -0.002121 9.526300 0.093100 -0.005747 0.995640 1.643800 0.000000 0.000000 0.000000 1.000000
0.991950 -0.087416 -0.091615 -0.000000 0.087524 0.996158 -0.002846 9.526300 0.091512 -0.005195 0.995790 1.643800 0.000000 0.000000 0.000000 1.000000
0.991982 -0.089691 -0.089035 -0.000000 0.089743 0.995959 -0.003421 9.526300 0.088982 -0.004597 0.996023 1.643800 0.000000 0.000000 0.000000 1.000000
0.992139 -0.091868 -0.084969 0.000000 0.091815 0.995766 -0.004535 9.526300 0.085026 -0.003302 0.996373 1.643800 0.000000 0.000000 0.000000 1.000000
0.992331 -0.093729 -0.080583 0.000000 0.093576 0.995596 -0.005686 9.526300 0.080761 -0.001898 0.996732 1.643800 0.000000 0.000000 0.000000 1.000000
0.992598 -0.094096 -0.076779 0.000000 0.093906 0.995562 -0.006089 9.526300 0.077011 -0.001166 0.997030 1.643800 0.000000 0.000000 0.000000 1.000000
0.993035 -0.091754 -0.073916 0.000000 0.091609 0.995781 -0.005358 9.526300 0.074096 -0.001450 0.997250 1.643800 0.000000 0.000000 0.000000 1.000000
0.993149 -0.091449 -0.072744 0.000000 0.091184 0.995810 -0.006952 9.526300 0.073075 0.000272 0.997326 1.643800 0.000000 0.000000 0.000000 1.000000
0.993371 -0.091814 -0.069163 0.000000 0.091319 0.995768 -0.010291 9.526300 0.069815 0.003906 0.997552 1.643800 0.000000 0.000000 0.000000 1.000000
0.994005 -0.089587 -0.062675 0.000000 0.088870 0.995943 -0.014134 9.526300 0.063687 0.008479 0.997934 1.643800 0.000000 0.000000 0.000000 1.000000
0.994889 -0.085182 -0.054229 0.000000 0.084311 0.996274 -0.018160 9.526300 0.055574 0.013495 0.998363 1.643800 0.000000 0.000000 0.000000 1.000000
0.995564 -0.082354 -0.045509 0.000000 0.081380 0.996421 -0.022852 9.526300 0.047228 0.019047 0.998703 1.643800 0.000000 0.000000 0.000000 1.000000
0.996099 -0.080167 -0.036885 0.000000 0.079167 0.996473 -0.027815 9.526300 0.038984 0.024786 0.998932 1.643800 0.000000 0.000000 0.000000 1.000000
0.996695 -0.075495 -0.030008 0.000000 0.074511 0.996685 -0.032656 9.526300 0.032374 0.030312 0.999016 1.643800 0.000000 0.000000 0.000000 1.000000
0.997261 -0.069090 -0.026397 0.000000 0.068088 0.996987 -0.037167 9.526300 0.028885 0.035268 0.998960 1.643800 0.000000 0.000000 0.000000 1.000000
0.997713 -0.062655 -0.025362 0.000000 0.061579 0.997252 -0.041198 9.526300 0.027873 0.039542 0.998829 1.643800 0.000000 0.000000 0.000000 1.000000
0.998040 -0.057745 -0.024108 0.000000 0.056634 0.997405 -0.044452 9.526300 0.026612 0.043000 0.998721 1.643800 0.000000 0.000000 0.000000 1.000000
0.998429 -0.052376 -0.019906 0.000000 0.051453 0.997690 -0.044356 9.526300 0.022184 0.043262 0.998817 1.643800 0.000000 0.000000 0.000000 1.000000
0.998868 -0.045057 -0.015222 -0.000000 0.044362 0.998080 -0.043234 9.526300 0.017141 0.042510 0.998949 1.643800 0.000000 0.000000 0.000000 1.000000
0.999188 -0.038643 -0.011362 0.000000 0.038131 0.998379 -0.042255 9.526300 0.012976 0.041787 0.999042 1.643800 0.000000 0.000000 0.000000 1.000000</float_array><technique_common><accessor source="#Spine-Matrix-animation-output-transform-array" count="79" stride="16"><param type="float4x4"/></accessor></technique_common></source><source id="Spine-Interpolations"><Name_array id="Spine-Interpolations-array" count="79">
 LINEAR LINEAR LINEAR LINEAR LINEAR LINEAR LINEAR LINEAR LINEAR LINEAR LINEAR
LINEAR LINEAR LINEAR LINEAR LINEAR LINEAR LINEAR LINEAR LINEAR LINEAR LINEAR LINEAR
LINEAR LINEAR LINEAR LINEAR LINEAR LINEAR LINEAR LINEAR LINEAR LINEAR LINEAR LINEAR
LINEAR LINEAR LINEAR LINEAR LINEAR LINEAR LINEAR LINEAR LINEAR LINEAR LINEAR LINEAR
LINEAR LINEAR LINEAR LINEAR LINEAR LINEAR LINEAR LINEAR LINEAR LINEAR LINEAR LINEAR
LINEAR LINEAR LINEAR LINEAR LINEAR LINEAR LINEAR LINEAR LINEAR LINEAR LINEAR LINEAR
LINEAR LINEAR LINEAR LINEAR LINEAR LINEAR LINEAR LINEAR</Name_array><technique_common><accessor source="#Spine-Interpolations-array" count="79"><param type="name"/></accessor></technique_common></source><sampler id="Spine-Matrix-animation-transform"><input semantic="INPUT" source="#Spine-Matrix-animation-input"/><input semantic="OUTPUT" source="#Spine-Matrix-animation-output-transform"/><input semantic="INTERPOLATION" source="#Spine-Interpolations"/></sampler><channel source="#Spine-Matrix-animation-transform" target="Spine/matrix"/></animation>
    <animation id="Spine1-anim" name="Spine1"><source id="Spine1-Matrix-animation-input"><float_array id="Spine1-Matrix-animation-input-array" count="79">

0.000000 0.033333 0.066667 0.100000 0.133333 0.166667 0.200000 0.233333 0.266667 0.300000 0.333333 0.366667 0.400000 0.433333 0.466667 0.500000
0.533333 0.566667 0.600000 0.633333 0.666667 0.700000 0.733333 0.766667 0.800000 0.833333 0.866667 0.900000 0.933333 0.966667 1.000000 1.033333
1.066667 1.100000 1.133333 1.166667 1.200000 1.233333 1.266667 1.300000 1.333333 1.366667 1.400000 1.433333 1.466667 1.500000 1.533333 1.566667
1.600000 1.633333 1.666667 1.700000 1.733333 1.766667 1.800000 1.833333 1.866667 1.900000 1.933333 1.966667 2.000000 2.033333 2.066667 2.100000
2.133333 2.166667 2.200000 2.233333 2.266667 2.300000 2.333333 2.366667 2.400000 2.433333 2.466667 2.500000 2.533333 2.566667 2.600000</float_array><technique_common><accessor source="#Spine1-Matrix-animation-input-array" count="79"><param name="TIME" type="float"/></accessor></technique_common></source><source id="Spine1-Matrix-animation-output-transform"><float_array id="Spine1-Matrix-animation-output-transform-array" count="1264">

0.999458 -0.025778 -0.020474 0.000000 0.022904 0.991252 -0.129983 11.194600 0.023645 0.129444 0.991305 0.160600 0.000000 0.000000 0.000000 1.000000
0.999573 -0.023862 -0.016839 -0.000000 0.021523 0.991599 -0.127546 11.194600 0.019741 0.127129 0.991690 0.160600 0.000000 0.000000 0.000000 1.000000
0.999700 -0.021838 -0.011114 0.000000 0.020292 0.992064 -0.124088 11.194600 0.013736 0.123825 0.992209 0.160600 0.000000 0.000000 0.000000 1.000000
0.999774 -0.020788 -0.004500 0.000000 0.020103 0.992659 -0.119262 11.194600 0.006947 0.119144 0.992853 0.160600 0.000000 0.000000 0.000000 1.000000
0.999747 -0.022506 -0.000034 0.000000 0.022360 0.993418 -0.112345 11.194600 0.002563 0.112316 0.993669 0.160600 0.000000 0.000000 0.000000 1.000000
0.999595 -0.028430 -0.000939 0.000000 0.028185 0.994364 -0.102202 11.194600 0.003840 0.102135 0.994763 0.160600 0.000000 0.000000 0.000000 1.000000
0.999424 -0.033925 -0.001273 -0.000000 0.033686 0.995645 -0.086924 11.194600 0.004217 0.086831 0.996214 0.160600 0.000000 0.000000 0.000000 1.000000
0.999175 -0.040086 -0.006506 0.000000 0.039505 0.996549 -0.073005 11.194600 0.009410 0.072688 0.997310 0.160600 0.000000 0.000000 0.000000 1.000000
0.998493 -0.050375 -0.021789 0.000000 0.049013 0.997051 -0.059051 11.194600 0.024699 0.057894 0.998017 0.160600 0.000000 0.000000 0.000000 1.000000
0.996740 -0.065991 -0.046408 0.000000 0.064008 0.997023 -0.042988 11.194600 0.049107 0.039877 0.997997 0.160600 0.000000 0.000000 0.000000 1.000000
0.993662 -0.084804 -0.073782 -0.000000 0.083238 0.996240 -0.024046 11.194600 0.075543 0.017752 0.996984 0.160600 0.000000 0.000000 0.000000 1.000000
0.990364 -0.098255 -0.097592 0.000000 0.097752 0.995161 -0.009932 11.194600 0.098096 0.000297 0.995177 0.160600 0.000000 0.000000 0.000000 1.000000
0.987840 -0.106530 -0.113245 0.000000 0.107089 0.994249 -0.001151 11.194600 0.112716 -0.010990 0.993566 0.160600 0.000000 0.000000 0.000000 1.000000
0.985521 -0.112897 -0.126504 -0.000000 0.113985 0.993481 0.001376 11.194600 0.125524 -0.015776 0.991965 0.160600 0.000000 0.000000 0.000000 1.000000
0.982807 -0.120128 -0.140216 0.000000 0.121162 0.992632 -0.001174 11.194600 0.139323 -0.015835 0.990120 0.160600 0.000000 0.000000 0.000000 1.000000
0.979772 -0.129026 -0.152966 -0.000000 0.129732 0.991534 -0.005398 11.194600 0.152367 -0.014556 0.988217 0.160600 0.000000 0.000000 0.000000 1.000000
0.977301 -0.132127 -0.165608 0.000000 0.132637 0.991132 -0.008023 11.194600 0.165200 -0.014125 0.986159 0.160600 0.000000 0.000000 0.000000 1.000000
0.975339 -0.133287 -0.175924 0.000000 0.133559 0.990987 -0.010352 11.194600 0.175718 -0.013399 0.984349 0.160600 0.000000 0.000000 0.000000 1.000000
0.974078 -0.135668 -0.181016 0.000000 0.135658 0.990677 -0.012496 11.194600 0.181024 -0.012384 0.983401 0.160600 0.000000 0.000000 0.000000 1.000000
0.973548 -0.139021 -0.181323 0.000000 0.138846 0.990219 -0.013718 11.194600 0.181456 -0.011821 0.983328 0.160600 0.000000 0.000000 0.000000 1.000000
0.973556 -0.140196 -0.180372 0.000000 0.140228 0.990039 -0.012638 11.194600 0.180347 -0.012990 0.983517 0.160600 0.000000 0.000000 0.000000 1.000000
0.973811 -0.140060 -0.179094 0.000000 0.140814 0.989999 -0.008558 11.194600 0.178502 -0.016885 0.983795 0.160600 0.000000 0.000000 0.000000 1.000000
0.974527 -0.135087 -0.179023 0.000000 0.137101 0.990556 -0.001135 11.194600 0.177485 -0.023438 0.983844 0.160600 0.000000 0.000000 0.000000 1.000000
0.977099 -0.123597 -0.173210 0.000000 0.126595 0.991934 0.006322 11.194600 0.171032 -0.028105 0.984865 0.160600 0.000000 0.000000 0.000000 1.000000
0.982534 -0.104343 -0.154078 -0.000000 0.107404 0.994147 0.011659 11.194600 0.151960 -0.028004 0.987990 0.160600 0.000000 0.000000 0.000000 1.000000
0.990177 -0.077291 -0.116511 0.000000 0.079324 0.996765 0.012910 11.194600 0.115136 -0.022025 0.993106 0.160600 0.000000 0.000000 0.000000 1.000000
0.996433 -0.050114 -0.067889 0.000000 0.050270 0.998735 0.000599 11.194600 0.067773 -0.004010 0.997693 0.160600 0.000000 0.000000 0.000000 1.000000
0.999184 -0.038034 -0.013625 0.000000 0.037740 0.999061 -0.021272 11.194600 0.014421 0.020740 0.999681 0.160600 0.000000 0.000000 0.000000 1.000000
0.998315 -0.045285 0.036289 0.000000 0.046607 0.998249 -0.036431 11.194600 -0.034576 0.038061 0.998677 0.160600 0.000000 0.000000 0.000000 1.000000
0.995020 -0.063732 0.076644 0.000000 0.066932 0.996958 -0.039933 11.194600 -0.073865 0.044864 0.996259 0.160600 0.000000 0.000000 0.000000 1.000000
0.991545 -0.072966 0.107305 0.000000 0.077892 0.996057 -0.042454 11.194600 -0.103784 0.050453 0.993319 0.160600 0.000000 0.000000 0.000000 1.000000
0.990405 -0.059598 0.124683 0.000000 0.067033 0.996161 -0.056309 11.194600 -0.120849 0.064126 0.990598 0.160600 0.000000 0.000000 0.000000 1.000000
0.987839 -0.053099 0.146129 -0.000000 0.064496 0.995141 -0.074396 11.194600 -0.141469 0.082916 0.986464 0.160600 0.000000 0.000000 0.000000 1.000000
0.983211 -0.053790 0.174361 -0.000000 0.071438 0.992759 -0.096570 11.194600 -0.167904 0.107405 0.979935 0.160600 0.000000 0.000000 0.000000 1.000000
0.980165 -0.053987 0.190690 0.000000 0.078631 0.989146 -0.124129 11.194600 -0.181919 0.136661 0.973771 0.160600 0.000000 0.000000 0.000000 1.000000
0.985166 -0.046318 0.165232 0.000000 0.072839 0.984708 -0.158253 11.194600 -0.155376 0.167941 0.973475 0.160600 0.000000 0.000000 0.000000 1.000000
0.991073 -0.033202 0.129119 -0.000000 0.057248 0.980642 -0.187253 11.194600 -0.120402 0.192973 0.973789 0.160600 0.000000 0.000000 0.000000 1.000000
0.995874 -0.017345 0.089078 0.000000 0.036124 0.976215 -0.213772 11.194600 -0.083251 0.216108 0.972814 0.160600 0.000000 0.000000 0.000000 1.000000
0.998919 0.000024 0.046483 0.000000 0.011008 0.971429 -0.237076 11.194600 -0.045161 0.237332 0.970378 0.160600 0.000000 0.000000 0.000000 1.000000
0.999833 0.015679 0.009413 0.000000 -0.012802 0.967647 -0.251982 11.194600 -0.013059 0.251820 0.967686 0.160600 0.000000 0.000000 0.000000 1.000000
0.999629 0.025712 -0.009014 0.000000 -0.027154 0.967321 -0.252095 11.194600 0.002237 0.252246 0.967661 0.160600 0.000000 0.000000 0.000000 1.000000
0.999482 0.028258 -0.015408 0.000000 -0.031138 0.970085 -0.240758 11.194600 0.008144 0.241113 0.970463 0.160600 0.000000 0.000000 0.000000 1.000000
0.999510 0.023670 -0.020466 0.000000 -0.027647 0.974364 -0.223272 11.194600 0.014657 0.223728 0.974541 0.160600 0.000000 0.000000 0.000000 1.000000
0.999678 0.016340 -0.019397 0.000000 -0.019997 0.978232 -0.206550 11.194600 0.015600 0.206871 0.978244 0.160600 0.000000 0.000000 0.000000 1.000000
0.999904 0.009519 -0.010061 0.000000 -0.011273 0.981366 -0.191817 11.194600 0.008048 0.191912 0.981379 0.160600 0.000000 0.000000 0.000000 1.000000
0.999986 0.004422 0.002771 0.000000 -0.003868 0.984484 -0.175432 11.194600 -0.003504 0.175419 0.984488 0.160600 0.000000 0.000000 0.000000 1.000000
0.999999 -0.001226 -0.000559 0.000000 0.001119 0.986868 -0.161525 11.194600 0.000750 0.161524 0.986868 0.160600 0.000000 0.000000 0.000000 1.000000
0.999850 -0.010477 -0.013774 0.000000 0.008276 0.988482 -0.151113 11.194600 0.015199 0.150976 0.988421 0.160600 0.000000 0.000000 0.000000 1.000000
0.999369 -0.020087 -0.029286 -0.000000 0.015691 0.989557 -0.143286 11.194600 0.031859 0.142736 0.989248 0.160600 0.000000 0.000000 0.000000 1.000000
0.998721 -0.027106 -0.042674 0.000000 0.021003 0.990282 -0.137476 11.194600 0.045985 0.136404 0.989585 0.160600 0.000000 0.000000 0.000000 1.000000
0.998106 -0.030517 -0.053413 -0.000000 0.023143 0.990765 -0.133599 11.194600 0.056996 0.132110 0.989595 0.160600 0.000000 0.000000 0.000000 1.000000
0.997489 -0.035565 -0.061245 0.000000 0.027413 0.991246 -0.129149 11.194600 0.065302 0.127145 0.989732 0.160600 0.000000 0.000000 0.000000 1.000000
0.996953 -0.041287 -0.066183 0.000000 0.032840 0.991740 -0.123990 11.194600 0.070756 0.121439 0.990074 0.160600 0.000000 0.000000 0.000000 1.000000
0.996424 -0.047310 -0.070008 -0.000000 0.038776 0.992184 -0.118608 11.194600 0.075072 0.115469 0.990470 0.160600 0.000000 0.000000 0.000000 1.000000
0.995812 -0.053330 -0.074259 -0.000000 0.044692 0.992535 -0.113475 11.194600 0.079756 0.109681 0.990762 0.160600 0.000000 0.000000 0.000000 1.000000
0.995094 -0.058986 -0.079428 -0.000000 0.050155 0.992785 -0.108917 11.194600 0.085279 0.104399 0.990872 0.160600 0.000000 0.000000 0.000000 1.000000
0.994638 -0.062950 -0.082058 -0.000000 0.054169 0.992979 -0.105157 11.194600 0.088101 0.100148 0.991064 0.160600 0.000000 0.000000 0.000000 1.000000
0.994475 -0.065343 -0.082157 0.000000 0.056682 0.992996 -0.103663 11.194600 0.088355 0.098433 0.991214 0.160600 0.000000 0.000000 0.000000 1.000000
0.994443 -0.067101 -0.081119 -0.000000 0.058550 0.992900 -0.103542 11.194600 0.087490 0.098217 0.991312 0.160600 0.000000 0.000000 0.000000 1.000000
0.994426 -0.068791 -0.079908 0.000000 0.060328 0.992758 -0.103884 11.194600 0.086475 0.098485 0.991374 0.160600 0.000000 0.000000 0.000000 1.000000
0.994408 -0.070454 -0.078665 0.000000 0.062085 0.992618 -0.104188 11.194600 0.085425 0.098722 0.991442 0.160600 0.000000 0.000000 0.000000 1.000000
0.994459 -0.071938 -0.076655 0.000000 0.063734 0.992474 -0.104565 11.194600 0.083601 0.099100 0.991559 0.160600 0.000000 0.000000 0.000000 1.000000
0.994605 -0.073118 -0.073586 0.000000 0.065152 0.992296 -0.105377 11.194600 0.080724 0.100015 0.991706 0.160600 0.000000 0.000000 0.000000 1.000000
0.994769 -0.074044 -0.070365 -0.000000 0.066343 0.992139 -0.106105 11.194600 0.077668 0.100882 0.991862 0.160600 0.000000 0.000000 0.000000 1.000000
0.994937 -0.074366 -0.067599 -0.000000 0.066938 0.992089 -0.106203 11.194600 0.074962 0.101140 0.992044 0.160600 0.000000 0.000000 0.000000 1.000000
0.995143 -0.073520 -0.065463 0.000000 0.066358 0.992196 -0.105567 11.194600 0.072714 0.100710 0.992255 0.160600 0.000000 0.000000 0.000000 1.000000
